M3G20081217T000611_V00_LOC.IMG    82  3372  3708  1222  1553     1   278       83400  Mon Aug 31 07:59:15 2009
M3G20081217T115612_V00_LOC.IMG    84  2157  2471  1091  1411     1   283       84900  Mon Aug 31 07:59:51 2009
M3G20081218T014413_V00_LOC.IMG    86   721  1045  1090  1414     1   278       83400  Mon Aug 31 08:00:16 2009
M3G20081230T115533_V00_LOC.IMG   152  3723  4247     2  3459  4527  7677      617266  Mon Aug 31 08:29:41 2009
M3G20081230T175018_V00_LOC.IMG   154  3122  3654    38  3506  4557  7711      943624  Mon Aug 31 08:30:58 2009
M3G20081231T034148_V00_LOC.IMG   156  2120  2492    82  3535  4454  7611      944674  Mon Aug 31 08:31:46 2009
M3G20081231T113333_V00_LOC.IMG   158  1188  1680    69  3528  5239  8397      945357  Mon Aug 31 08:32:37 2009
M3G20081231T192648_V00_LOC.IMG   160   265   899    21  3486  5156  8312      945640  Mon Aug 31 08:33:28 2009
M3G20090113T175110_V00_LOC.IMG   219  2386  2708  2051  2374     1   250       75000  Mon Aug 31 08:58:05 2009
M3G20090114T172813_V00_LOC.IMG   221   131   183  1747  2058     1   278        6051  Mon Aug 31 08:59:27 2009
