M3G20081119T021733_V00_LOC.IMG     8   863  1362    55  3516 14555 17649      927177  Mon Aug 31 07:33:37 2009
M3G20081201T173012_V00_LOC.IMG    28  3271  3654   945  1287     1   283       84900  Mon Aug 31 07:45:30 2009
M3G20081202T051914_V00_LOC.IMG    30  2049  2413  1224  1547     1   283       84900  Mon Aug 31 07:45:58 2009
M3G20081202T230314_V00_LOC.IMG    32   189   558  1177  1509     1   282       84238  Mon Aug 31 07:46:25 2009
M3G20081229T015311_V00_LOC.IMG   143  3347  3673  1075  1413     1   282       84600  Mon Aug 31 08:24:54 2009
M3G20081229T094611_V00_LOC.IMG   145  2524  2839  1127  1457     1   283       84900  Mon Aug 31 08:26:15 2009
M3G20081229T173911_V00_LOC.IMG   147  1706  2006  1144  1462     1   278       83400  Mon Aug 31 08:26:59 2009
M3G20081230T013311_V00_LOC.IMG   149  1060  1360   146   461     1   278       83400  Mon Aug 31 08:27:46 2009
M3G20081230T112409_V00_LOC.IMG   151   272   384   225   546     1   283       23979  Mon Aug 31 08:28:38 2009
M3G20090112T165924_V00_LOC.IMG   218  1085  1566   634  3525     1  2593      776388  Mon Aug 31 08:57:07 2009
