M3G20081208T021621_V00_LOC.IMG    52  2764  3144  2782  3476     1   630      188569  Mon Aug 31 07:51:05 2009
M3G20081208T160407_V00_LOC.IMG    54  1390  1758  2709  3464     1   691      206757  Mon Aug 31 07:51:39 2009
M3G20081209T015536_V00_LOC.IMG    56   401   796  2816  3523     1   634      189833  Mon Aug 31 07:52:20 2009
M3G20090103T223205_V00_LOC.IMG   173  3922  4003  2718  3534  8543  9290        2191  Mon Aug 31 08:39:52 2009
M3G20090104T062425_V00_LOC.IMG   175  3135  3693    34  3497  6138  9258      934856  Mon Aug 31 08:41:12 2009
M3G20090104T102025_V00_LOC.IMG   177  2743  3239    14  3474  6210  9334      935947  Mon Aug 31 08:41:58 2009
M3G20090104T161446_V00_LOC.IMG   179  2160  2559     1  3454  6129  9256      936993  Mon Aug 31 08:42:44 2009
M3G20090104T220845_V00_LOC.IMG   181  1530  1915     2  3459  6257  9386      937376  Mon Aug 31 08:43:30 2009
M3G20090105T060105_V00_LOC.IMG   183   629  1144    30  3495  6238  9366      936871  Mon Aug 31 08:44:29 2009
M3G20090105T134845_V00_LOC.IMG   185     3   358    93  3340  8989 11930      163146  Mon Aug 31 08:46:32 2009
