M3G20081206T015712_V00_LOC.IMG    43  3890  4071  1234  1556     1   283       36292  Mon Aug 31 07:49:11 2009
M3G20081206T154511_V00_LOC.IMG    45  2650  2958  1207  1530     1   282       84600  Mon Aug 31 07:49:42 2009
M3G20081207T013812_V00_LOC.IMG    47  1468  1781   164   484     1   283       84900  Mon Aug 31 07:50:22 2009
M3G20081207T132612_V00_LOC.IMG    49   190   516  1152  1490     1   283       84797  Mon Aug 31 07:50:53 2009
M3G20081220T033237_V00_LOC.IMG    93  3038  3599    43  3508  5604  8761      945974  Mon Aug 31 08:02:47 2009
M3G20081220T112542_V00_LOC.IMG    95  2255  2683    79  3535  5654  8814      946756  Mon Aug 31 08:03:47 2009
M3G20081220T191906_V00_LOC.IMG    97  1386  1843    74  3532  5521  8683      947347  Mon Aug 31 08:04:34 2009
M3G20081221T051036_V00_LOC.IMG    99   240   873    18  3486  5503  8671      948924  Mon Aug 31 08:05:25 2009
M3G20090103T080012_V00_LOC.IMG   168  1787  2090   993  1306     1   225       67500  Mon Aug 31 08:37:09 2009
M3G20090117T011605_V00_LOC.IMG   226  1649  2033   622  3535     1  2640      790985  Mon Aug 31 09:01:55 2009
