M3G20081213T013012_V00_LOC.IMG    68  1704  2007   844  1163     1   283       84900  Mon Aug 31 07:55:34 2009
M3G20081213T131912_V00_LOC.IMG    70   448   766  1188  1510     1   278       83400  Mon Aug 31 07:56:08 2009
M3G20081225T233020_V00_LOC.IMG   125  3659  4224     2  3469  5388  8547      859497  Mon Aug 31 08:18:34 2009
M3G20081226T072335_V00_LOC.IMG   127  2889  3298    53  2554  5256  7546      686603  Mon Aug 31 08:19:30 2009
M3G20081226T073624_V00_LOC.IMG   128  2939  3319  2551  3520     1   863      257177  Mon Aug 31 08:19:39 2009
M3G20081226T151634_V00_LOC.IMG   130  2047  2466    82  3535  5292  8452      945969  Mon Aug 31 08:20:21 2009
M3G20081227T090105_V00_LOC.IMG   134   152   898    21  3478  5303  8454      943111  Mon Aug 31 08:21:21 2009
M3G20081227T145550_V00_LOC.IMG   136   319   323     2    32  5384  5412          35  Mon Aug 31 08:22:16 2009
M3G20090109T014310_V00_LOC.IMG   211  2652  2974  1806  2136     1   283       84900  Mon Aug 31 08:53:24 2009
M3G20090122T051145_V00_LOC.IMG   236  3931  4247   529  3445     1  2646      162541  Mon Aug 31 09:08:16 2009
M3G20090123T064545_V00_LOC.IMG   238  1192  1681   490  3528     1  2746      822442  Mon Aug 31 09:09:51 2009
