M3G20081124T023528_V00_LOC.IMG    13  3580  4191     2  3469 11373 14501      936808  Mon Aug 31 07:38:34 2009
M3G20081207T132612_V00_LOC.IMG    49  4033  4043  1152  1243     1    83         103  Mon Aug 31 07:50:52 2009
M3G20081208T011612_V00_LOC.IMG    51  2946  3240   949  1278     1   283       84900  Mon Aug 31 07:50:56 2009
M3G20081208T150414_V00_LOC.IMG    53  1531  1804   881  1203     1   283       84900  Mon Aug 31 07:51:33 2009
M3G20081209T005512_V00_LOC.IMG    55   380   676  1064  1398     1   283       84900  Mon Aug 31 07:52:14 2009
M3G20081221T110522_V00_LOC.IMG   101  3529  4176     4  3473  5572  8745      950641  Mon Aug 31 08:06:54 2009
M3G20081221T205721_V00_LOC.IMG   103  2550  3026    69  3529  5254  8436      953408  Mon Aug 31 08:07:55 2009
M3G20081222T044951_V00_LOC.IMG   105  1719  2163    82  3535  5598  8783      954303  Mon Aug 31 08:08:44 2009
M3G20081222T104437_V00_LOC.IMG   107  1018  1567    62  3523  5650  8834      954064  Mon Aug 31 08:09:33 2009
M3G20081222T223435_V00_LOC.IMG   109    20   381     1  3242  5498  8501       67451  Mon Aug 31 08:10:39 2009
M3G20090105T130711_V00_LOC.IMG   184   142   310  1618  1943     1   277       42686  Mon Aug 31 08:44:47 2009
