M3G20081209T124512_V00_LOC.IMG    57  2963  3262   865  1196     1   283       84900  Mon Aug 31 07:52:43 2009
M3G20081210T003512_V00_LOC.IMG    58  1738  2020   657   969     1   277       83100  Mon Aug 31 07:52:45 2009
M3G20081210T122414_V00_LOC.IMG    60   500   790   950  1274     1   278       83400  Mon Aug 31 07:53:21 2009
M3G20081222T223435_V00_LOC.IMG   109  3608  4244     1  3469  5496  8677      885415  Mon Aug 31 08:10:33 2009
M3G20081223T062736_V00_LOC.IMG   111  2830  3316    55  3521  5566  8745      952154  Mon Aug 31 08:11:57 2009
M3G20081223T122235_V00_LOC.IMG   113  2246  2625    79  3535  5496  8674      951811  Mon Aug 31 08:12:47 2009
M3G20081223T221351_V00_LOC.IMG   115  1094  1645    66  3525  5568  8747      951946  Mon Aug 31 08:13:45 2009
M3G20090105T130711_V00_LOC.IMG   184  3944  4106  1618  1944     1   277       40414  Mon Aug 31 08:44:44 2009
M3G20090105T190211_V00_LOC.IMG   186  3281  3579  1151  1484     1   283       84900  Mon Aug 31 08:46:38 2009
M3G20090105T225811_V00_LOC.IMG   188  2874  3169  1279  1602     1   278       83400  Mon Aug 31 08:47:22 2009
M3G20090106T065011_V00_LOC.IMG   190  2048  2331  1496  1817     1   283       84900  Mon Aug 31 08:48:08 2009
M3G20090106T104637_V00_LOC.IMG   193  1630  1904  1586  1620     1    19        5700  Mon Aug 31 08:48:51 2009
M3G20090106T144311_V00_LOC.IMG   203  1215  1499   996  1317     1   282       84600  Mon Aug 31 08:49:29 2009
M3G20090107T003311_V00_LOC.IMG   205   190   453  1113  1440     1   278       73516  Mon Aug 31 08:50:14 2009
M3G20090119T082105_V00_LOC.IMG   230  3453  4019   410  3484     1  2788      835275  Mon Aug 31 09:04:51 2009
M3G20090120T020344_V00_LOC.IMG   232  1590  2014   655  3535     1  2618      784293  Mon Aug 31 09:06:02 2009
