M3G20081206T164550_V00_LOC.IMG    46  3915  4218  1071  3551  1432  3673       25409  Mon Aug 31 07:50:00 2009
M3G20081207T023705_V00_LOC.IMG    48  3110  3689    39  3504   678  3797      934442  Mon Aug 31 07:50:40 2009
M3G20081208T021621_V00_LOC.IMG    52   998  1509    20  3484   627  3763      939828  Mon Aug 31 07:51:14 2009
M3G20081208T160407_V00_LOC.IMG    54   162   395  1555  3551  2013  3825        7289  Mon Aug 31 07:52:02 2009
M3G20090103T143945_V00_LOC.IMG   171  2807  3260    17  2740  9286 11739      735643  Mon Aug 31 08:39:19 2009
M3G20090103T223205_V00_LOC.IMG   173  2126  2475     2  2714  9287 11739      735498  Mon Aug 31 08:40:08 2009
M3G20090104T062425_V00_LOC.IMG   175  1368  1778     7  2753  9254 11739      745336  Mon Aug 31 08:41:20 2009
M3G20090104T102025_V00_LOC.IMG   177   977  1450    21  2900  9330 11935      781286  Mon Aug 31 08:42:06 2009
M3G20090104T161446_V00_LOC.IMG   179   395   941    55  2797  9252 11733      744089  Mon Aug 31 08:42:51 2009
M3G20090104T220845_V00_LOC.IMG   181     2   455   106  2914  9381 11935      331561  Mon Aug 31 08:43:51 2009
