M3G20081211T021212_V00_LOC.IMG    62  2843  3141   860  1192     1   283       84900  Mon Aug 31 07:54:00 2009
M3G20081211T120312_V00_LOC.IMG    64  1835  2123  1001  1316     1   278       83400  Mon Aug 31 07:54:26 2009
M3G20081212T015112_V00_LOC.IMG    66   378   693   708  1031     1   278       83400  Mon Aug 31 07:54:50 2009
M3G20081224T140005_V00_LOC.IMG   117  3348  3880    20  3493  5461  8638      951133  Mon Aug 31 08:14:44 2009
M3G20081224T235121_V00_LOC.IMG   119  2372  2746    75  3534  5445  8614      948555  Mon Aug 31 08:15:58 2009
M3G20081225T074420_V00_LOC.IMG   121  1459  1969    78  3533  5411  8574      946809  Mon Aug 31 08:16:44 2009
M3G20081225T133906_V00_LOC.IMG   123   770  1383    54  3513  5386  8546      945970  Mon Aug 31 08:17:29 2009
M3G20081225T233020_V00_LOC.IMG   125    74   401     2  2657  5388  7839       86111  Mon Aug 31 08:18:39 2009
M3G20090107T003311_V00_LOC.IMG   205  3995  4059  1113  1426     1   278        9884  Mon Aug 31 08:50:13 2009
M3G20090107T122011_V00_LOC.IMG   207  2797  3090  2000  2332     1   283       84900  Mon Aug 31 08:51:52 2009
M3G20090108T040511_V00_LOC.IMG   209  1054  1353  1496  1813     1   278       83400  Mon Aug 31 08:52:39 2009
M3G20090121T033745_V00_LOC.IMG   234  2805  3215   543  3523     1  2701      808930  Mon Aug 31 09:06:54 2009
M3G20090122T051145_V00_LOC.IMG   236     2   557   529  3457     1  2642      629700  Mon Aug 31 09:08:22 2009
