M3G20081124T023528_V00_LOC.IMG    13  3625  4312     1  3466  8241 11379      899781  Mon Aug 31 07:38:01 2009
M3G20081221T110522_V00_LOC.IMG   101  3580  4298     2  3470  2401  5576      935481  Mon Aug 31 08:06:31 2009
M3G20081221T205721_V00_LOC.IMG   103  2780  3330    68  3535  2073  5258      954536  Mon Aug 31 08:07:46 2009
M3G20081222T044951_V00_LOC.IMG   105  2157  2564    96  3551  2412  5602      955816  Mon Aug 31 08:08:35 2009
M3G20081222T104437_V00_LOC.IMG   107  1587  2080    93  3550  2465  5654      955538  Mon Aug 31 08:09:23 2009
M3G20081222T223435_V00_LOC.IMG   109   401  1101    35  3501  2317  5501      953938  Mon Aug 31 08:10:14 2009
M3G20081223T062736_V00_LOC.IMG   111    29   463     2  3182  2390  5336       85696  Mon Aug 31 08:11:47 2009
M3G20090104T054311_V00_LOC.IMG   174  3500  3814  1719  2058     1   283       84900  Mon Aug 31 08:40:16 2009
M3G20090104T093911_V00_LOC.IMG   176  3153  3457  1846  2178     1   282       84600  Mon Aug 31 08:41:26 2009
M3G20090104T153411_V00_LOC.IMG   178  2599  2898  1366  1688     1   277       83100  Mon Aug 31 08:42:12 2009
M3G20090104T212811_V00_LOC.IMG   180  2086  2373  1517  1840     1   283       84900  Mon Aug 31 08:42:57 2009
M3G20090105T052011_V00_LOC.IMG   182  1384  1669  1686  2012     1   283       84900  Mon Aug 31 08:43:57 2009
M3G20090118T022705_V00_LOC.IMG   228  2959  3436    57  1906 10272 11935      498687  Mon Aug 31 09:04:18 2009
