M3G20081214T010912_V00_LOC.IMG    72  2994  3326   967  1300     1   283       84900  Mon Aug 31 07:56:35 2009
M3G20081214T125812_V00_LOC.IMG    74  1748  2071  1363  1682     1   283       84900  Mon Aug 31 07:57:14 2009
M3G20081227T145550_V00_LOC.IMG   136  3586  4091     2  3478  5383  8532      942368  Mon Aug 31 08:22:16 2009
M3G20081228T004635_V00_LOC.IMG   138  2585  3021    64  3530  5597  8749      943374  Mon Aug 31 08:23:16 2009
M3G20081228T083935_V00_LOC.IMG   140  1674  2244    84  3535  5591  8738      941859  Mon Aug 31 08:24:06 2009
M3G20081228T163233_V00_LOC.IMG   142  1081  1461    59   489  5609  5993      114792  Mon Aug 31 08:24:48 2009
M3G20081229T022350_V00_LOC.IMG   144    79   476     2  2609  5562  7958      164294  Mon Aug 31 08:25:50 2009
M3G20090110T150611_V00_LOC.IMG   213  2451  2778  1809  2130     1   277       83100  Mon Aug 31 08:54:43 2009
M3G20090111T005511_V00_LOC.IMG   215  1388  1714  2551  2867     1   278       83400  Mon Aug 31 08:55:59 2009
M3G20090124T062145_V00_LOC.IMG   240  2710  3095   449  3526     1  2774      830790  Mon Aug 31 09:10:44 2009
