M3G20081130T155314_V00_LOC.IMG    24  2397  2745   837  1413     1   513      153900  Mon Aug 31 07:44:04 2009
M3G20081201T054112_V00_LOC.IMG    26   971  1308   819  1199     1   334      100200  Mon Aug 31 07:44:43 2009
M3G20081227T083011_V00_LOC.IMG   133  3941  4027   765  1080     1   278       14228  Mon Aug 31 08:20:37 2009
M3G20081227T142511_V00_LOC.IMG   135  3340  3667   731  1064     1   278       83400  Mon Aug 31 08:21:36 2009
M3G20081228T001511_V00_LOC.IMG   137  2235  2547  1557  1879     1   278       83400  Mon Aug 31 08:22:43 2009
M3G20081228T080811_V00_LOC.IMG   139  1405  1705  1584  1905     1   251       75300  Mon Aug 31 08:23:30 2009
M3G20081228T160110_V00_LOC.IMG   141   563   857  1582  1912     1   278       83400  Mon Aug 31 08:24:21 2009
M3G20090110T154845_V00_LOC.IMG   214  2576  2919   713  3531     1  2533      758153  Mon Aug 31 08:55:02 2009
M3G20090111T013904_V00_LOC.IMG   216  1411  1865   788  3532     1  2462      736949  Mon Aug 31 08:56:13 2009
M3G20090124T053811_V00_LOC.IMG   239  2751  3061  2996  3328     1   278       83400  Mon Aug 31 09:10:23 2009
M3G20090124T232111_V00_LOC.IMG   241   753  1058  2343  2673     1   283       84900  Mon Aug 31 09:11:41 2009
