M3G20081222T220311_V00_LOC.IMG   108  3730  4048  1048  1382     1   278       83400  Mon Aug 31 08:09:51 2009
M3G20081223T055812_V00_LOC.IMG   110  2827  3127    59   225   145   283       40426  Mon Aug 31 08:11:07 2009
M3G20081223T115111_V00_LOC.IMG   112  2251  2549  1141  1459     1   278       83400  Mon Aug 31 08:12:12 2009
M3G20081223T214212_V00_LOC.IMG   114  1178  1478  1353  1670     1   278       83400  Mon Aug 31 08:13:03 2009
M3G20090105T134845_V00_LOC.IMG   185  3785  4247   406  3455     1  2750      486941  Mon Aug 31 08:45:09 2009
M3G20090105T194305_V00_LOC.IMG   187  3209  3703   482  3501     1  2709      811749  Mon Aug 31 08:46:52 2009
M3G20090105T233905_V00_LOC.IMG   189  2820  3255   403  3522     1  2804      840095  Mon Aug 31 08:47:37 2009
M3G20090106T073125_V00_LOC.IMG   191  2017  2377   462  3535     1  2771      830024  Mon Aug 31 08:48:22 2009
M3G20090106T112745_V00_LOC.IMG   194  1662  1989   598   666     1    47       14100  Mon Aug 31 08:48:53 2009
M3G20090106T112923_V00_LOC.IMG   195  1616  1960  1657  2089     1   339      101700  Mon Aug 31 08:48:55 2009
M3G20090106T152345_V00_LOC.IMG   204  1118  1606   504  3525     1  2716      813523  Mon Aug 31 08:49:42 2009
M3G20090107T011405_V00_LOC.IMG   206     2   638   472  3465     1  2686      803157  Mon Aug 31 08:50:32 2009
M3G20090119T073811_V00_LOC.IMG   229  3670  3985  2175  2517     1   283       84900  Mon Aug 31 09:04:28 2009
M3G20090120T012010_V00_LOC.IMG   231  1664  1960  2491  2811     1   278       83400  Mon Aug 31 09:05:49 2009
