M3G20090125T172601_V00_LOC.IMG   244  2753  3131     1  3447 14343 17462      934209  Sun Aug 30 17:14:19 2009
M3G20090126T033545_V00_LOC.IMG   248  1665  2036     1  3447  2701  5816      933035  Sun Aug 30 17:22:59 2009
M3G20090207T214451_V00_LOC.IMG   449  4166  4254  1291  1604     1   278       21734  Sun Aug 30 20:10:54 2009
M3G20090207T234250_V00_LOC.IMG   452  3940  4254  1310  1631     1   283       82522  Sun Aug 30 20:15:21 2009
M3G20090208T014050_V00_LOC.IMG   455  3719  4042  1318  1640     1   283       84900  Sun Aug 30 20:20:52 2009
M3G20090208T033852_V00_LOC.IMG   458  3493  3815  1328  1644     1   278       83400  Sun Aug 30 20:23:11 2009
M3G20090208T073452_V00_LOC.IMG   461  3041  3363  1374  1695     1   283       84900  Sun Aug 30 20:26:02 2009
M3G20090208T093312_V00_LOC.IMG   464  2811  3133  1180  1502     1   283       84900  Sun Aug 30 20:30:24 2009
M3G20090208T113112_V00_LOC.IMG   467  2585  2909  1211  1527     1   278       83400  Sun Aug 30 20:32:48 2009
M3G20090208T132850_V00_LOC.IMG   470  2362  2688  1466  1787     1   283       84900  Sun Aug 30 20:36:48 2009
M3G20090208T152651_V00_LOC.IMG   473  2136  2462  1491  1812     1   283       84900  Sun Aug 30 20:40:29 2009
M3G20090208T172451_V00_LOC.IMG   476  1912  2236  1525  1840     1   277       83100  Sun Aug 30 20:45:08 2009
M3G20090208T192311_V00_LOC.IMG   478  1686  2007  1334  1649     1   277       83100  Sun Aug 30 20:47:24 2009
M3G20090208T212111_V00_LOC.IMG   483  1461  1779  1362  1678     1   278       83400  Sun Aug 30 20:50:56 2009
M3G20090208T231911_V00_LOC.IMG   485  1235  1550  1391  1712     1   283       84900  Sun Aug 30 20:52:53 2009
M3G20090209T011711_V00_LOC.IMG   490  1007  1321  1431  1752     1   283       84900  Sun Aug 30 20:56:18 2009
M3G20090209T031511_V00_LOC.IMG   493   781  1092  1469  1783     1   277       83100  Sun Aug 30 20:58:09 2009
M3G20090209T051311_V00_LOC.IMG   496   553   865  1503  1818     1   278       83400  Sun Aug 30 21:01:46 2009
M3G20090209T071131_V00_LOC.IMG   499   321   636  1319  1635     1   278       83400  Sun Aug 30 21:03:43 2009
