M3G20090211T085032_V00_LOC.IMG   549  2909  2919     2    22  1547  1566          29  Sun Aug 30 23:57:52 2009
M3G20090211T203852_V00_LOC.IMG   560  2652  4111     2  3344  1531  4670      812359  Mon Aug 31 00:07:09 2009
M3G20090212T003453_V00_LOC.IMG   565  2570  3935     2  3400  1588  4728      940059  Mon Aug 31 00:12:22 2009
M3G20090212T043052_V00_LOC.IMG   570  2481  3737    31  3451  1664  4806      940471  Mon Aug 31 00:16:12 2009
M3G20090212T082712_V00_LOC.IMG   576  2398  3543    56  3493  1543  4685      940657  Mon Aug 31 00:21:26 2009
M3G20090212T122313_V00_LOC.IMG   581  2316  3347    78  3529  1614  4756      940587  Mon Aug 31 00:25:36 2009
M3G20090212T162141_V00_LOC.IMG   586  2235  3154    96  3558   233  3375      940512  Mon Aug 31 00:31:23 2009
M3G20090212T201532_V00_LOC.IMG   591  2152  2955   114  3580  1564  4706      940543  Mon Aug 31 00:35:05 2009
M3G20090213T001153_V00_LOC.IMG   597  2078  2765   126  3596  1401  4542      940639  Mon Aug 31 00:38:55 2009
M3G20090213T040732_V00_LOC.IMG   601  1995  2564   137  3605  1677  4818      940638  Mon Aug 31 00:42:38 2009
M3G20090213T080353_V00_LOC.IMG   605  1912  2364   145  3607  1559  4700      940625  Mon Aug 31 00:46:22 2009
M3G20090213T115953_V00_LOC.IMG   609  1821  2191   145  3607  1638  4778      940418  Mon Aug 31 00:50:05 2009
M3G20090213T155552_V00_LOC.IMG   613  1626  2114   136  3606  1720  4859      940415  Mon Aug 31 00:53:46 2009
M3G20090213T195213_V00_LOC.IMG   617  1432  2037   125  3600  1595  4735      940643  Mon Aug 31 00:57:09 2009
M3G20090213T234813_V00_LOC.IMG   622  1237  1961   112  3588  1661  4803      941540  Mon Aug 31 01:00:55 2009
M3G20090214T013412_V00_LOC.IMG   625  1139  1924   106  3579  8773 11916      942132  Mon Aug 31 01:06:33 2009
M3G20090214T034413_V00_LOC.IMG   628  1042  1889    97  3569  1726  4872      942875  Mon Aug 31 01:13:28 2009
M3G20090214T074247_V00_LOC.IMG   633   847  1816    79  3544   270  3420      944295  Mon Aug 31 01:18:49 2009
