M3G20090208T101739_V00_LOC.IMG   466  3884  4150  1677  3551 14710 16366       48988  Sun Aug 30 20:32:29 2009
M3G20090208T121842_V00_LOC.IMG   469  3730  4324   107  3551 11526 14592      585075  Sun Aug 30 20:35:37 2009
M3G20090208T143051_V00_LOC.IMG   472  3574  4267    88  3542  3202  6269      918118  Sun Aug 30 20:40:21 2009
M3G20090208T160125_V00_LOC.IMG   475  3420  4079    71  3526 19397 22464      918336  Sun Aug 30 20:44:09 2009
M3G20090208T175211_V00_LOC.IMG   477  3264  3890    56  3513 23691 26760      918684  Sun Aug 30 20:47:08 2009
M3G20090208T201331_V00_LOC.IMG   481  3109  3700    42  3499  9941 13010      918977  Sun Aug 30 20:50:01 2009
M3G20090208T214811_V00_LOC.IMG   484  2954  3510    31  3488 23727 26797      919275  Sun Aug 30 20:52:37 2009
M3G20090209T000934_V00_LOC.IMG   488  2791  3315    21  3479  9965 13038      919835  Sun Aug 30 20:55:24 2009
M3G20090209T014431_V00_LOC.IMG   491  2773  3126    14  1198 23580 24639      317604  Sun Aug 30 20:57:47 2009
M3G20090209T022618_V00_LOC.IMG   492  2637  3056  1184  3470     1  2013      602285  Sun Aug 30 20:58:03 2009
M3G20090209T033051_V00_LOC.IMG   494  2570  2935     8  1660 30480 31961      444158  Sun Aug 30 21:00:34 2009
M3G20090209T042503_V00_LOC.IMG   495  2482  2855  1650  3464     1  1588      474877  Sun Aug 30 21:00:56 2009
M3G20090209T062002_V00_LOC.IMG   498  2327  2746     4  3459   317  3393      920971  Sun Aug 30 21:03:36 2009
M3G20090209T212512_V00_LOC.IMG   502   938  1394    24  3488 23445 26527      922962  Sun Aug 30 21:16:25 2009
M3G20090209T233432_V00_LOC.IMG   504   762  1260    33  3497 16771 19852      922993  Sun Aug 30 21:22:55 2009
M3G20090210T014535_V00_LOC.IMG   507   572  1106    45  3510  9112 12194      923198  Sun Aug 30 21:33:30 2009
M3G20090210T033052_V00_LOC.IMG   509   383   724    59   659 16636 17119      144323  Sun Aug 30 21:40:37 2009
M3G20090210T035959_V00_LOC.IMG   510   429   954   637  3524     1  2555      765242  Sun Aug 30 21:41:42 2009
M3G20090210T051732_V00_LOC.IMG   512   193   800    75  3539 23360 26443      923515  Sun Aug 30 21:54:43 2009
M3G20090210T072652_V00_LOC.IMG   515     4   645    92  3552 16714 19796      869416  Sun Aug 30 22:03:48 2009
M3G20090210T094056_V00_LOC.IMG   518     2   491   111  3551  7276 10359      328137  Sun Aug 30 22:10:38 2009
