M3G20090201T201111_V00_LOC.IMG   280  4231  4254     1   229    85   283        4373  Sun Aug 30 17:55:48 2009
M3G20090201T220911_V00_LOC.IMG   282  4004  4253     1   278    37   278       62536  Sun Aug 30 17:59:46 2009
M3G20090202T000712_V00_LOC.IMG   284  3775  4063     1   324     1   278       83400  Sun Aug 30 18:02:08 2009
M3G20090202T020511_V00_LOC.IMG   287  3549  3838    52   381     1   283       84900  Sun Aug 30 18:04:19 2009
M3G20090202T040311_V00_LOC.IMG   290  3323  3611   104   433     1   283       84900  Sun Aug 30 18:06:13 2009
M3G20090202T060111_V00_LOC.IMG   292  3096  3384   156   484     1   283       84900  Sun Aug 30 18:08:10 2009
M3G20090202T115511_V00_LOC.IMG   302  2413  2701   316   643     1   283       84900  Sun Aug 30 18:13:43 2009
M3G20090202T135311_V00_LOC.IMG   305  2186  2473   365   692     1   283       84900  Sun Aug 30 18:15:38 2009
M3G20090202T155211_V00_LOC.IMG   308  1953  2242     1    71   222   283       17257  Sun Aug 30 18:17:52 2009
M3G20090202T175011_V00_LOC.IMG   311  1725  2012     1   118   182   283       29517  Sun Aug 30 18:20:22 2009
M3G20090202T194811_V00_LOC.IMG   314  1496  1784     1   167   134   278       42312  Sun Aug 30 18:22:30 2009
M3G20090202T214612_V00_LOC.IMG   316  1268  1556     1   211    96   278       53767  Sun Aug 30 18:24:47 2009
M3G20090203T053811_V00_LOC.IMG   319   349   637    46   370     1   278       83400  Sun Aug 30 18:27:04 2009
M3G20090203T073612_V00_LOC.IMG   321   120   408    82   406     1   278       83400  Sun Aug 30 18:29:17 2009
