M3G20090210T112252_V00_LOC.IMG   520  3618  4294     2  3467  1288  4404      921308  Sun Aug 30 22:13:28 2009
M3G20090210T132052_V00_LOC.IMG   523  3455  4099    17  3484  1324  4439      933740  Sun Aug 30 22:24:37 2009
M3G20090210T151912_V00_LOC.IMG   525  3295  3905    32  3500  1165  4281      933792  Sun Aug 30 22:29:42 2009
M3G20090210T171205_V00_LOC.IMG   527  3133  3710    47  3512  4228  7344      933792  Sun Aug 30 22:41:01 2009
M3G20090210T191512_V00_LOC.IMG   529  2970  3514    59  3524  1246  4362      933758  Sun Aug 30 22:49:37 2009
M3G20090210T210152_V00_LOC.IMG   531  2808  3318    70  3533  7967 11083      933790  Sun Aug 30 23:02:49 2009
M3G20090210T231132_V00_LOC.IMG   533  2646  3123    79  3541  1128  4244      933900  Sun Aug 30 23:11:01 2009
M3G20090211T005812_V00_LOC.IMG   536  2483  2850    87   856  7840  8514      202189  Sun Aug 30 23:23:46 2009
M3G20090211T011239_V00_LOC.IMG   537  2510  2928   846  3547     1  2442      731791  Sun Aug 30 23:24:36 2009
M3G20090211T030732_V00_LOC.IMG   539  2321  2670    93   230  1200  1316       34714  Sun Aug 30 23:32:26 2009
M3G20090211T030946_V00_LOC.IMG   540  2324  2733   222  3550     1  3001      899441  Sun Aug 30 23:33:11 2009
M3G20090211T045412_V00_LOC.IMG   544  2160  2538    97  3551  7920 11039      934605  Sun Aug 30 23:43:35 2009
M3G20090211T070332_V00_LOC.IMG   547  1999  2347   100  3551  1274  4393      934839  Sun Aug 30 23:50:26 2009
M3G20090211T085804_V00_LOC.IMG   550  1819  2187    97  3551  3357  6477      935129  Sun Aug 30 23:58:49 2009
M3G20090211T105952_V00_LOC.IMG   552  1623  2026    93  3550  1148  4269      935458  Mon Aug 31 00:01:08 2009
M3G20090211T185152_V00_LOC.IMG   557   838  1380    61  3526  1278  4406      937264  Mon Aug 31 00:04:16 2009
M3G20090211T203852_V00_LOC.IMG   560   641  1219    48  3515  7797 10927      937766  Mon Aug 31 00:07:51 2009
M3G20090211T224812_V00_LOC.IMG   562   445  1057    34  3502  1149  4280      938210  Mon Aug 31 00:09:57 2009
M3G20090212T003453_V00_LOC.IMG   565   252   900    18  3487  7857 10988      938343  Mon Aug 31 00:12:44 2009
M3G20090212T024412_V00_LOC.IMG   568    56   738     1  3470  1218  4350      938435  Mon Aug 31 00:14:19 2009
M3G20090212T044205_V00_LOC.IMG   571     1   578     2  3451  1326  4459      526836  Mon Aug 31 00:16:47 2009
M3G20090212T064032_V00_LOC.IMG   573     1   418     2  3430  1101  4232       43410  Mon Aug 31 00:18:41 2009
