M3G20090201T203612_V00_LOC.IMG   281  4088  4254     1  3447 17138 20258      426450  Sun Aug 30 17:58:13 2009
M3G20090201T224531_V00_LOC.IMG   283  3861  4219     1  3447 10513 13633      934618  Sun Aug 30 18:00:49 2009
M3G20090202T005641_V00_LOC.IMG   286  3633  3994     1  3447  2801  5920      934519  Sun Aug 30 18:03:49 2009
M3G20090202T024131_V00_LOC.IMG   288  3404  3768     1  3447 10612 13731      934342  Sun Aug 30 18:05:09 2009
M3G20090202T042831_V00_LOC.IMG   291  3178  3541     1  3447 17147 20266      934202  Sun Aug 30 18:07:37 2009
M3G20090202T064453_V00_LOC.IMG   294  2950  3314     1  3447  6369  9487      934108  Sun Aug 30 18:09:08 2009
M3G20090202T083314_V00_LOC.IMG   297  2722  3088     1  3447 12100 15217      933908  Sun Aug 30 18:11:15 2009
M3G20090202T103351_V00_LOC.IMG   300  2493  2862     1  3447 10603 13720      933892  Sun Aug 30 18:12:40 2009
M3G20090202T123639_V00_LOC.IMG   304  2264  2635     1  3447  7815 10933      933835  Sun Aug 30 18:15:02 2009
M3G20090202T142951_V00_LOC.IMG   306  2034  2409     1  3447 10681 13798      933789  Sun Aug 30 18:16:32 2009
M3G20090202T161651_V00_LOC.IMG   309  1807  2183     1  3447 17205 20323      933880  Sun Aug 30 18:19:46 2009
M3G20090202T182612_V00_LOC.IMG   312  1578  1957     1  3447 10559 13677      933930  Sun Aug 30 18:21:19 2009
M3G20090202T201251_V00_LOC.IMG   315  1350  1730     1  3447 17286 20404      933992  Sun Aug 30 18:24:11 2009
M3G20090203T041059_V00_LOC.IMG   318   431   823     1  3447 13811 16931      934230  Sun Aug 30 18:26:21 2009
M3G20090203T061431_V00_LOC.IMG   320   202   595     1  3447 10578 13697      934224  Sun Aug 30 18:28:02 2009
M3G20090203T080104_V00_LOC.IMG   322     1   367     1  3447 17366 20484      917550  Sun Aug 30 18:31:03 2009
