M3G20090204T094731_V00_LOC.IMG   337  2786  3295  2572  3606 24947 25924       60722  Sun Aug 30 18:40:59 2009
M3G20090204T134332_V00_LOC.IMG   343  2870  3790  1236  3278 23707 25638      172383  Sun Aug 30 18:45:13 2009
M3G20090204T142701_V00_LOC.IMG   344  2708  3032  3200  3606     1   328       60697  Sun Aug 30 18:45:41 2009
M3G20090204T173931_V00_LOC.IMG   349  2631  4111   328  3606 22907 26014      638348  Sun Aug 30 18:50:06 2009
M3G20090205T060017_V00_LOC.IMG   358  2367  3691   157  3531  3767  6876      925787  Sun Aug 30 18:57:02 2009
M3G20090205T094623_V00_LOC.IMG   364  2291  3497   115  3512  9666 12772      925434  Sun Aug 30 19:01:28 2009
M3G20090205T133443_V00_LOC.IMG   370  2213  3304    79  3496 14268 17373      925061  Sun Aug 30 19:05:43 2009
M3G20090205T174458_V00_LOC.IMG   376  2130  3106    50  3483  5946  9049      924681  Sun Aug 30 19:09:24 2009
M3G20090205T214723_V00_LOC.IMG   382  2047  2907    27  3471  2238  5341      924548  Sun Aug 30 19:12:52 2009
M3G20090206T010833_V00_LOC.IMG   387  1949  2689    11  3461 22849 25953      924497  Sun Aug 30 19:16:17 2009
M3G20090206T054058_V00_LOC.IMG   394  1862  2482     2  3461  1452  4554      924075  Sun Aug 30 19:19:58 2009
M3G20090206T105850_V00_LOC.IMG   401  1731  2165     1  3475 22863 25962      923070  Sun Aug 30 19:26:49 2009
M3G20090206T145451_V00_LOC.IMG   405  1646  1958     2  3487 22929 26025      922200  Sun Aug 30 19:32:02 2009
M3G20090206T185403_V00_LOC.IMG   410  1467  1862     9  3504 21093 24187      921381  Sun Aug 30 19:36:40 2009
M3G20090206T225721_V00_LOC.IMG   415  1259  1772    24  3521 16844 19933      920421  Sun Aug 30 19:42:36 2009
M3G20090207T065039_V00_LOC.IMG   424   876  1611    71  3564 16177 19258      918107  Sun Aug 30 19:51:01 2009
M3G20090207T124241_V00_LOC.IMG   434   585  1484   126  3602 17400 20476      916760  Sun Aug 30 19:59:05 2009
M3G20090207T165529_V00_LOC.IMG   441   391  1404   171  3606  7534 10596      900924  Sun Aug 30 20:04:44 2009
M3G20090207T210337_V00_LOC.IMG   448   203  1327   221  3606   424  3476      820036  Sun Aug 30 20:10:35 2009
M3G20090208T001912_V00_LOC.IMG   454    48  1287   269  3606 24283 27330      670276  Sun Aug 30 20:20:26 2009
