M3G20090131T091031_V00_LOC.IMG   254  3776  4391   199  1735 26642 27992      347525  Sun Aug 30 17:31:41 2009
M3G20090131T112714_V00_LOC.IMG   257  3248  4275   168  3610 15663 18774      931474  Sun Aug 30 17:33:39 2009
M3G20090131T134223_V00_LOC.IMG   260  3486  4118   138  1793  5594  7047      435582  Sun Aug 30 17:36:32 2009
M3G20090131T151551_V00_LOC.IMG   262  3042  3961   112  3566 20088 23203      932982  Sun Aug 30 17:38:04 2009
M3G20090201T064933_V00_LOC.IMG   264  2294  2698     3  1644 26491 27954      438696  Sun Aug 30 17:41:17 2009
M3G20090201T085853_V00_LOC.IMG   266  2171  2541     1  1254 19896 21011      334295  Sun Aug 30 17:42:43 2009
M3G20090201T093431_V00_LOC.IMG   267  2126  2507  1247  3456     1  2007      600522  Sun Aug 30 17:43:03 2009
M3G20090201T104533_V00_LOC.IMG   269  2033  2384     1  1751 26622 28188      469380  Sun Aug 30 17:46:19 2009
M3G20090201T125453_V00_LOC.IMG   271  1883  2249     1  3457 19987 23109      934744  Sun Aug 30 17:48:00 2009
M3G20090201T150434_V00_LOC.IMG   274  1725  2105     2  1657 13148 14623      442232  Sun Aug 30 17:51:32 2009
M3G20090201T165935_V00_LOC.IMG   276  1568  1979     6  1808 14956 16560      481001  Sun Aug 30 17:53:27 2009
M3G20090201T190019_V00_LOC.IMG   279  1411  1946    12  3479 13387 16506      933860  Sun Aug 30 17:55:01 2009
M3G20090201T203612_V00_LOC.IMG   281  1254  1715    21  1724 26484 27991      451713  Sun Aug 30 17:59:34 2009
M3G20090201T224531_V00_LOC.IMG   283  1097  1744    33  3501 19858 22975      933361  Sun Aug 30 18:01:22 2009
M3G20090202T005641_V00_LOC.IMG   286   934  1458    48  1869 12143 13752      482333  Sun Aug 30 18:04:13 2009
M3G20090202T031457_V00_LOC.IMG   289   776  1531    65  3533   245  3361      932748  Sun Aug 30 18:05:49 2009
M3G20090202T042831_V00_LOC.IMG   291   616  1181    86  1799 26486 27992      451555  Sun Aug 30 18:07:59 2009
M3G20090202T064453_V00_LOC.IMG   294   457  1324   109  3571 15706 18821      932464  Sun Aug 30 18:09:35 2009
M3G20090202T090141_V00_LOC.IMG   298   297   899   135  1753  4662  6079      424776  Sun Aug 30 18:11:45 2009
M3G20090202T103351_V00_LOC.IMG   300   138  1116   163  3616 19939 23054      932127  Sun Aug 30 18:13:10 2009
M3G20090202T123639_V00_LOC.IMG   304     1   656   195  1923 17151 18679      396029  Sun Aug 30 18:15:31 2009
M3G20090202T142951_V00_LOC.IMG   306     2   906   228  3616 20016 23131      349409  Sun Aug 30 18:17:17 2009
