M3G20090209T212512_V00_LOC.IMG   502  2892  3245     1  3447 14175 17277      929326  Sun Aug 30 21:13:55 2009
M3G20090209T233432_V00_LOC.IMG   504  2664  3015     1  3447  7539 10641      929448  Sun Aug 30 21:20:29 2009
M3G20090210T012132_V00_LOC.IMG   506  2447  2778     1   182 14010 14165       46413  Sun Aug 30 21:29:26 2009
M3G20090210T014535_V00_LOC.IMG   507  2437  2777   180  3447     1  2942      881550  Sun Aug 30 21:30:27 2009
M3G20090210T033052_V00_LOC.IMG   509  2208  2549     1  3447  7374 10476      929618  Sun Aug 30 21:38:23 2009
M3G20090210T051732_V00_LOC.IMG   512  1980  2318     1  3447 14084 17187      929741  Sun Aug 30 21:51:36 2009
M3G20090210T072652_V00_LOC.IMG   515  1752  2088     1  3447  7437 10540      929852  Sun Aug 30 21:59:56 2009
M3G20090210T093444_V00_LOC.IMG   517  1526  1859     1  2240  1657  3659      600500  Sun Aug 30 22:06:22 2009
M3G20090210T094056_V00_LOC.IMG   518  1524  1843  2237  3447     1  1101      329177  Sun Aug 30 22:06:49 2009
M3G20090210T112252_V00_LOC.IMG   520  1296  1630     1  3447  7507 10611      930027  Sun Aug 30 22:15:57 2009
M3G20090210T132052_V00_LOC.IMG   523  1067  1400     1  3447  7543 10647      930078  Sun Aug 30 22:26:47 2009
M3G20090210T151912_V00_LOC.IMG   525   838  1171     1  3447  7384 10488      930121  Sun Aug 30 22:32:04 2009
M3G20090210T171205_V00_LOC.IMG   527   608   941     1  3447 10447 13551      930131  Sun Aug 30 22:43:07 2009
M3G20090210T191512_V00_LOC.IMG   529   379   712     1  3447  7465 10570      930184  Sun Aug 30 22:51:51 2009
M3G20090210T210152_V00_LOC.IMG   531   149   482     1  3447 14186 17291      930228  Sun Aug 30 23:04:48 2009
M3G20090210T231132_V00_LOC.IMG   533     1   252     1  3447  7348 10453      706139  Sun Aug 30 23:14:16 2009
M3G20090211T011239_V00_LOC.IMG   537     1    25     1  3447  5551  8653       42096  Sun Aug 30 23:27:11 2009
