M3G20090131T050409_V00_LOC.IMG   251   634  1074   297  1028     1   620      186000  Sun Aug 30 17:24:44 2009
M3G20090211T185152_V00_LOC.IMG   557  3829  4391  1969  3408     1  1280      263575  Mon Aug 31 00:04:07 2009
M3G20090211T203852_V00_LOC.IMG   560  3260  4340     2  3441  4667  7801      934469  Mon Aug 31 00:07:33 2009
M3G20090211T224812_V00_LOC.IMG   562  3583  4182  2143  3471     1  1152      344728  Mon Aug 31 00:09:47 2009
M3G20090212T003453_V00_LOC.IMG   565  3061  4029    42  3497  4725  7860      939599  Mon Aug 31 00:12:33 2009
M3G20090212T024412_V00_LOC.IMG   568  3298  3870  2122  3521     1  1221      365399  Mon Aug 31 00:14:09 2009
M3G20090212T043052_V00_LOC.IMG   570  2856  3490    81  2079  4803  6609      541831  Mon Aug 31 00:16:17 2009
M3G20090212T044205_V00_LOC.IMG   571  3143  3713  2029  3543     1  1330      397866  Mon Aug 31 00:16:38 2009
M3G20090212T064032_V00_LOC.IMG   573  3042  3554  2299  3561     1  1101      329406  Mon Aug 31 00:18:34 2009
M3G20090212T082712_V00_LOC.IMG   576  2655  3395   111  3577  4682  7820      940321  Mon Aug 31 00:21:41 2009
M3G20090212T103632_V00_LOC.IMG   578  2761  3237  2256  3590     1  1174      351290  Mon Aug 31 00:23:08 2009
M3G20090212T122313_V00_LOC.IMG   581  2455  3078   135  3600  4753  7891      940399  Mon Aug 31 00:25:47 2009
M3G20090212T143253_V00_LOC.IMG   583  2497  2920  2424  3608     1  1046      312733  Mon Aug 31 00:28:43 2009
M3G20090212T162141_V00_LOC.IMG   586  2259  2762   152  3613  3371  6510      940456  Mon Aug 31 00:31:37 2009
M3G20090212T182852_V00_LOC.IMG   588  2218  2604  2351  3615     1  1127      337146  Mon Aug 31 00:33:02 2009
M3G20090212T201532_V00_LOC.IMG   591  2055  2444   162  3616  4703  7842      940675  Mon Aug 31 00:35:14 2009
M3G20090212T222453_V00_LOC.IMG   594  1930  2288  2284  3616     1  1195      357385  Mon Aug 31 00:36:50 2009
M3G20090213T001153_V00_LOC.IMG   597  1780  2207   157  3615  4539  7679      940946  Mon Aug 31 00:39:04 2009
M3G20090213T022112_V00_LOC.IMG   599  1621  2019  2443  3613     1  1039      310806  Mon Aug 31 00:40:35 2009
M3G20090213T040732_V00_LOC.IMG   601  1462  2005   142  3608  4815  7956      941047  Mon Aug 31 00:42:47 2009
M3G20090213T061652_V00_LOC.IMG   603  1303  1762  2120  3600     1  1312      392546  Mon Aug 31 00:44:18 2009
M3G20090213T080353_V00_LOC.IMG   605  1144  1805   120  3589  4697  7837      941062  Mon Aug 31 00:46:32 2009
M3G20090213T101313_V00_LOC.IMG   607   986  1480  2219  3576     1  1194      357033  Mon Aug 31 00:48:03 2009
M3G20090213T115953_V00_LOC.IMG   609   830  1608    92  3560  4775  7915      941102  Mon Aug 31 00:50:15 2009
M3G20090213T140913_V00_LOC.IMG   611   675  1223  2093  3541     1  1272      380699  Mon Aug 31 00:51:46 2009
M3G20090213T155552_V00_LOC.IMG   613   520  1414    58  3521  4857  7997      941106  Mon Aug 31 00:53:56 2009
M3G20090213T180532_V00_LOC.IMG   615   365   937  2171  3497     1  1155      345614  Mon Aug 31 00:55:04 2009
M3G20090213T195213_V00_LOC.IMG   617   211  1221    18  3471  4732  7874      941536  Mon Aug 31 00:57:20 2009
M3G20090213T220133_V00_LOC.IMG   619    57   689  2036  3442     1  1227      367313  Mon Aug 31 00:58:45 2009
M3G20090213T234813_V00_LOC.IMG   622     1  1029     2  3411  4801  7945      647779  Mon Aug 31 01:01:24 2009
M3G20090214T013412_V00_LOC.IMG   625     2   934     1  3378 11914 15061      302892  Mon Aug 31 01:07:32 2009
M3G20090214T034413_V00_LOC.IMG   628   534   840     1  1147  4872  5960       14039  Mon Aug 31 01:13:56 2009
