M3G20090205T005432_V00_LOC.IMG   356  3781  4091   391   712     1   278       83400  Sun Aug 30 18:54:56 2009
M3G20090205T064850_V00_LOC.IMG   359  3089  3395   288   609     1   277       83100  Sun Aug 30 18:57:18 2009
M3G20090205T084631_V00_LOC.IMG   362  2863  3170   546   866     1   278       83400  Sun Aug 30 18:59:42 2009
M3G20090205T104453_V00_LOC.IMG   365  2624  2936   324   651     1   283       84900  Sun Aug 30 19:01:45 2009
M3G20090205T124253_V00_LOC.IMG   368  2393  2706   362   689     1   283       84900  Sun Aug 30 19:04:04 2009
M3G20090205T144053_V00_LOC.IMG   371  2161  2477   399   726     1   283       84900  Sun Aug 30 19:05:56 2009
M3G20090205T163853_V00_LOC.IMG   374  1930  2244   449   769     1   278       83400  Sun Aug 30 19:07:52 2009
M3G20090205T183654_V00_LOC.IMG   377  1698  2013   489   809     1   278       83400  Sun Aug 30 19:09:34 2009
M3G20090205T203453_V00_LOC.IMG   380  1464  1781   530   856     1   283       84900  Sun Aug 30 19:11:18 2009
M3G20090205T223253_V00_LOC.IMG   383  1231  1548   573   898     1   283       84900  Sun Aug 30 19:13:01 2009
M3G20090206T003053_V00_LOC.IMG   386   989  1305   619   939     1   278       83400  Sun Aug 30 19:14:46 2009
M3G20090206T022853_V00_LOC.IMG   388   753  1071   660   979     1   278       83400  Sun Aug 30 19:16:32 2009
M3G20090206T042653_V00_LOC.IMG   391   518   837   699  1025     1   283       84900  Sun Aug 30 19:18:20 2009
M3G20090206T062453_V00_LOC.IMG   395   285   604   737  1062     1   283       84900  Sun Aug 30 19:20:08 2009
M3G20090206T082313_V00_LOC.IMG   397    46   365   551   876     1   282       84600  Sun Aug 30 19:22:05 2009
M3G20090206T102110_V00_LOC.IMG   400     1   132   616   937     1   283       34287  Sun Aug 30 19:24:29 2009
