M3G20090206T084850_V00_LOC.IMG   398  4207  4254     1  1666 17571 19080       39350  Sun Aug 30 19:23:21 2009
M3G20090206T092112_V00_LOC.IMG   399  4163  4254  1665  3447     1  1585      100581  Sun Aug 30 19:23:43 2009
M3G20090206T105850_V00_LOC.IMG   401  3928  4254     1  3447 10527 13627      834244  Sun Aug 30 19:25:53 2009
M3G20090206T124510_V00_LOC.IMG   403  3694  4088     1  3447 17444 20544      928262  Sun Aug 30 19:29:27 2009
M3G20090206T145451_V00_LOC.IMG   405  3460  3854     1  3447 10602 13701      928039  Sun Aug 30 19:30:55 2009
M3G20090206T164110_V00_LOC.IMG   407  3226  3620     1  3447 17519 20618      927745  Sun Aug 30 19:34:01 2009
M3G20090206T185403_V00_LOC.IMG   410  2993  3388     1  3447  8777 11874      927323  Sun Aug 30 19:35:51 2009
M3G20090206T203710_V00_LOC.IMG   412  2761  3154     1  3447 17586 20682      927088  Sun Aug 30 19:38:46 2009
M3G20090206T225721_V00_LOC.IMG   415  2529  2921     1  3447  4540  7634      926367  Sun Aug 30 19:41:36 2009
M3G20090207T003331_V00_LOC.IMG   417  2301  2688     1  3447 17450 20543      926413  Sun Aug 30 19:44:44 2009
M3G20090207T044515_V00_LOC.IMG   421  1839  2224     1  3447  8235 11326      925510  Sun Aug 30 19:47:04 2009
M3G20090207T065039_V00_LOC.IMG   424  1609  1992     1  3447  3900  6989      925069  Sun Aug 30 19:50:12 2009
M3G20090207T083836_V00_LOC.IMG   427  1379  1761     1  3447  9856 12944      924690  Sun Aug 30 19:53:01 2009
M3G20090207T101751_V00_LOC.IMG   431  1149  1531     1  3447 20931 24018      924354  Sun Aug 30 19:55:43 2009
M3G20090207T124241_V00_LOC.IMG   434   920  1301     1  3447  5139  8226      924102  Sun Aug 30 19:58:17 2009
M3G20090207T142313_V00_LOC.IMG   437   692  1071     1  3447 15464 18550      923885  Sun Aug 30 20:00:54 2009
M3G20090207T161103_V00_LOC.IMG   440   463   842     1  3447 21477 24562      923796  Sun Aug 30 20:03:35 2009
M3G20090207T183846_V00_LOC.IMG   444   236   614     1  3447  3981  7066      923703  Sun Aug 30 20:06:24 2009
M3G20090207T204327_V00_LOC.IMG   447     8   386     1  3447    57  3142      923658  Sun Aug 30 20:09:18 2009
M3G20090207T221151_V00_LOC.IMG   450     1   158     1  3447 17541 20621      367147  Sun Aug 30 20:14:06 2009
