M3G20090131T091031_V00_LOC.IMG   254  3650  4247     1  3464 11114 14222      847121  Sun Aug 30 17:29:39 2009
M3G20090131T112714_V00_LOC.IMG   257  3458  4043    15  3480   127  3236      931707  Sun Aug 30 17:32:48 2009
M3G20090131T130631_V00_LOC.IMG   259  3267  3817    30  3494 11196 14306      931860  Sun Aug 30 17:35:40 2009
M3G20090131T151551_V00_LOC.IMG   262  3075  3591    44  3507  4537  7647      931876  Sun Aug 30 17:37:15 2009
M3G20090201T064933_V00_LOC.IMG   264  1444  1870    77  3533 10897 14009      932381  Sun Aug 30 17:40:17 2009
M3G20090201T085853_V00_LOC.IMG   266  1220  1680    70  3528  4318  7430      932669  Sun Aug 30 17:42:03 2009
M3G20090201T104533_V00_LOC.IMG   269   996  1490    62  3521 11045 14158      932738  Sun Aug 30 17:45:36 2009
M3G20090201T125453_V00_LOC.IMG   271   771  1300    51  3512  4411  7524      932801  Sun Aug 30 17:47:10 2009
M3G20090201T144133_V00_LOC.IMG   273   603  1111    39  2728 11143 13569      727615  Sun Aug 30 17:50:33 2009
M3G20090201T150434_V00_LOC.IMG   274   547   942  2709  3502     1   686      204975  Sun Aug 30 17:50:50 2009
M3G20090201T163951_V00_LOC.IMG   275   550   921    26   718 11011 11627      184796  Sun Aug 30 17:52:24 2009
M3G20090201T165935_V00_LOC.IMG   276   324   871   697  3488     1  2496      747790  Sun Aug 30 17:52:46 2009
M3G20090201T184911_V00_LOC.IMG   278   197   732    10  2429  4379  6561      654612  Sun Aug 30 17:53:56 2009
M3G20090201T190019_V00_LOC.IMG   279   100   531  2405  3474     1   929      277733  Sun Aug 30 17:54:13 2009
M3G20090201T203612_V00_LOC.IMG   281     2   542     1  3456 10914 14028      622991  Sun Aug 30 17:57:28 2009
M3G20090201T224531_V00_LOC.IMG   283    63   353     2  2776  4292  6816       36507  Sun Aug 30 18:00:31 2009
