M3G20090209T212512_V00_LOC.IMG   502  3136  3642    73  1527 26522 27784      378476  Sun Aug 30 21:16:49 2009
M3G20090209T233432_V00_LOC.IMG   504  2771  3510    57  3513 19848 22925      921561  Sun Aug 30 21:23:48 2009
M3G20090210T014535_V00_LOC.IMG   507  2881  3357    42  1677 12189 13617      428067  Sun Aug 30 21:34:01 2009
M3G20090210T035959_V00_LOC.IMG   510  2584  3206    29  3489  2550  5628      921882  Sun Aug 30 21:42:52 2009
M3G20090210T051732_V00_LOC.IMG   512  2680  3053    18  1023 26438 27300      258358  Sun Aug 30 21:55:05 2009
M3G20090210T060351_V00_LOC.IMG   513  2638  2974  1003  1570     1   486      145800  Sun Aug 30 21:55:45 2009
M3G20090210T072652_V00_LOC.IMG   515  2497  2899    10  1776 19793 21032      371598  Sun Aug 30 22:04:30 2009
M3G20090210T080318_V00_LOC.IMG   516  2473  2775  1925  2177     1    41       12300  Sun Aug 30 22:05:06 2009
M3G20090210T094056_V00_LOC.IMG   518  2376  2745     5  1689 10355 11836      444115  Sun Aug 30 22:11:12 2009
M3G20090210T112252_V00_LOC.IMG   520  2201  2591     2  3459 19866 22945      922372  Sun Aug 30 22:20:19 2009
M3G20090210T155054_V00_LOC.IMG   526  1980  2296     1  3454  1061  4141      922604  Sun Aug 30 22:36:51 2009
M3G20090210T171205_V00_LOC.IMG   527  1824  2155     2  1513 22809 24139      398807  Sun Aug 30 22:47:10 2009
M3G20090210T191512_V00_LOC.IMG   529  1668  2103     4  3463 19827 22908      922701  Sun Aug 30 22:56:29 2009
M3G20090210T210152_V00_LOC.IMG   531  1512  1901    10  1652 26549 27991      432448  Sun Aug 30 23:08:43 2009
M3G20090210T233730_V00_LOC.IMG   534  1357  1909    17  3479  4404  7484      922657  Sun Aug 30 23:19:19 2009
M3G20090211T011239_V00_LOC.IMG   537  1206  1639    27  1594 17913 19281      410308  Sun Aug 30 23:31:33 2009
M3G20090211T032906_V00_LOC.IMG   541  1050  1427    40   841  7071  7754      204660  Sun Aug 30 23:37:46 2009
M3G20090211T034215_V00_LOC.IMG   542  1136  1715   811  3501     1  2396      717509  Sun Aug 30 23:38:33 2009
M3G20090211T053806_V00_LOC.IMG   545   894  1394    56  1752   626  2107      444202  Sun Aug 30 23:48:40 2009
M3G20090211T070332_V00_LOC.IMG   547   738  1518    75  3530 19866 22945      922200  Sun Aug 30 23:55:28 2009
M3G20090211T085804_V00_LOC.IMG   550   583  1122    96  1709 21952 23357      421174  Mon Aug 31 00:00:29 2009
M3G20090211T105952_V00_LOC.IMG   552   429  1320   119  3565 19747 22825      921890  Mon Aug 31 00:02:07 2009
M3G20090211T171539_V00_LOC.IMG   555     1   619   206  1864  7018  8471      373795  Mon Aug 31 00:03:27 2009
M3G20090211T185152_V00_LOC.IMG   557     2   928   241  3615 19900 22976      351732  Mon Aug 31 00:05:08 2009
