M3G20090209T212512_V00_LOC.IMG   502  2799  3241    59  3522 11069 14179      931642  Sun Aug 30 21:13:05 2009
M3G20090209T233432_V00_LOC.IMG   504  2603  3012    68  3528  4433  7542      931706  Sun Aug 30 21:19:40 2009
M3G20090210T012132_V00_LOC.IMG   506  2392  2775    76  3533 10912 14013      929233  Sun Aug 30 21:29:19 2009
M3G20090210T033052_V00_LOC.IMG   509  2195  2546    81  3535  4268  7378      931705  Sun Aug 30 21:37:20 2009
M3G20090210T051732_V00_LOC.IMG   512  1983  2323    84  3535 10978 14088      931876  Sun Aug 30 21:50:31 2009
M3G20090210T072652_V00_LOC.IMG   515  1753  2126    82  3535  4330  7441      931941  Sun Aug 30 21:58:58 2009
M3G20090210T093444_V00_LOC.IMG   517  1523  1895  1667  3534     1  1661      497200  Sun Aug 30 22:05:41 2009
M3G20090210T112252_V00_LOC.IMG   520  1294  1734    72  3530  4400  7511      932072  Sun Aug 30 22:14:53 2009
M3G20090210T132052_V00_LOC.IMG   523  1064  1537    64  3524  4436  7547      932096  Sun Aug 30 22:25:42 2009
M3G20090210T151912_V00_LOC.IMG   525   836  1343    53  3515  4278  7388      932027  Sun Aug 30 22:30:52 2009
M3G20090210T171205_V00_LOC.IMG   527   606  1146    41  3504  7341 10451      932107  Sun Aug 30 22:42:07 2009
M3G20090210T191512_V00_LOC.IMG   529   377   950    27  3491  4358  7469      932158  Sun Aug 30 22:50:45 2009
M3G20090210T210152_V00_LOC.IMG   531   148   755    11  3476 11079 14190      932152  Sun Aug 30 23:03:41 2009
M3G20090210T231132_V00_LOC.IMG   533     2   560     1  3458  4241  7352      694740  Sun Aug 30 23:12:37 2009
M3G20090211T011239_V00_LOC.IMG   537     2   366     2  3438  2442  5551       91423  Sun Aug 30 23:25:51 2009
