M3G20090212T024412_V00_LOC.IMG   568  3936  3959     1   174  1220  1374         300  Mon Aug 31 00:14:22 2009
M3G20090212T044205_V00_LOC.IMG   571  3776  4323     2  3445  1326  4458      412135  Mon Aug 31 00:17:02 2009
M3G20090212T064032_V00_LOC.IMG   573  3615  4323     2  3465  1098  4232      895758  Mon Aug 31 00:18:52 2009
M3G20090212T082712_V00_LOC.IMG   576  3456  4132    16  3483  7816 10951      939330  Mon Aug 31 00:21:51 2009
M3G20090212T103632_V00_LOC.IMG   578  3296  3938    31  3497  1171  4306      939388  Mon Aug 31 00:23:17 2009
M3G20090212T122313_V00_LOC.IMG   581  3137  3745    45  3511  7887 11023      939498  Mon Aug 31 00:25:57 2009
M3G20090212T143253_V00_LOC.IMG   583  2978  3552    58  3523  1042  4178      939612  Mon Aug 31 00:28:54 2009
M3G20090212T162141_V00_LOC.IMG   586  2821  3359    69  3532  6506  9643      939820  Mon Aug 31 00:31:46 2009
M3G20090212T182852_V00_LOC.IMG   588  2661  3166    78  3540  1123  4261      939921  Mon Aug 31 00:33:10 2009
M3G20090212T201532_V00_LOC.IMG   591  2501  2971    86  3545  7838 10976      940115  Mon Aug 31 00:35:22 2009
M3G20090212T222453_V00_LOC.IMG   594  2340  2776    92  3549  1191  4329      940260  Mon Aug 31 00:36:59 2009
M3G20090213T001153_V00_LOC.IMG   597  2190  2590    96  3551  7675 10814      940427  Mon Aug 31 00:39:14 2009
M3G20090213T022112_V00_LOC.IMG   599  2029  2395    99  3551  1036  4175      940558  Mon Aug 31 00:40:44 2009
M3G20090213T040732_V00_LOC.IMG   601  1857  2226    98  3552  7952 11091      940649  Mon Aug 31 00:42:56 2009
M3G20090213T061652_V00_LOC.IMG   603  1661  2066    94  3551  1308  4448      940765  Mon Aug 31 00:44:28 2009
M3G20090213T080353_V00_LOC.IMG   605  1467  1905    89  3548  7833 10973      940827  Mon Aug 31 00:46:41 2009
M3G20090213T101313_V00_LOC.IMG   607  1273  1746    82  3543  1190  4330      940891  Mon Aug 31 00:48:12 2009
M3G20090213T115953_V00_LOC.IMG   609  1080  1588    73  3537  7912 11052      940917  Mon Aug 31 00:50:25 2009
M3G20090213T140913_V00_LOC.IMG   611   888  1429    63  3528  1269  4409      940982  Mon Aug 31 00:51:56 2009
M3G20090213T155552_V00_LOC.IMG   613   695  1271    52  3518  7993 11134      941075  Mon Aug 31 00:54:06 2009
M3G20090213T180532_V00_LOC.IMG   615   502  1114    39  3506  1152  4293      941244  Mon Aug 31 00:55:15 2009
M3G20090213T195213_V00_LOC.IMG   617   309   957    24  3492  7871 11013      941529  Mon Aug 31 00:57:31 2009
M3G20090213T220133_V00_LOC.IMG   619   115   801     8  3476  1224  4368      942000  Mon Aug 31 00:58:55 2009
M3G20090213T234813_V00_LOC.IMG   622     2   644     1  3458  7942 11087      704454  Mon Aug 31 01:01:50 2009
M3G20090214T013412_V00_LOC.IMG   625     1   488     1  3438 15058 18205      227208  Mon Aug 31 01:08:08 2009
