M3G20090201T064933_V00_LOC.IMG   264  2890  3080     2   457  1655  2078        4666  Sun Aug 30 17:39:07 2009
M3G20090201T104533_V00_LOC.IMG   269  2816  4111     2  3262  1757  4848      249435  Sun Aug 30 17:44:44 2009
M3G20090201T144133_V00_LOC.IMG   273  2739  4111     1  3325  1850  4944      661986  Sun Aug 30 17:49:47 2009
M3G20090201T163951_V00_LOC.IMG   275  2702  4063     2  3353  1715  4810      836420  Sun Aug 30 17:52:00 2009
M3G20090201T203612_V00_LOC.IMG   281  2628  3881     1  3407  1612  4712      926051  Sun Aug 30 17:56:37 2009
M3G20090202T003211_V00_LOC.IMG   285  2562  3705    17  3451  1709  4812      929171  Sun Aug 30 18:02:48 2009
M3G20090202T042831_V00_LOC.IMG   291  2489  3523    39  3492  1611  4717      929686  Sun Aug 30 18:06:49 2009
M3G20090202T082431_V00_LOC.IMG   296  2419  3342    58  3526  1708  4816      929756  Sun Aug 30 18:10:22 2009
M3G20090202T122051_V00_LOC.IMG   303  2352  3159    77  3553  1597  4704      929456  Sun Aug 30 18:14:04 2009
M3G20090202T161651_V00_LOC.IMG   309  2284  2976    93  3575  1677  4785      929155  Sun Aug 30 18:18:37 2009
M3G20090202T201251_V00_LOC.IMG   315  2215  2790   108  3591  1759  4867      928929  Sun Aug 30 18:23:16 2009
M3G20090203T041059_V00_LOC.IMG   318  2104  2424  2070  3607     1  1392      416104  Sun Aug 30 18:25:17 2009
M3G20090203T080104_V00_LOC.IMG   322  1923  2339   138  3607  1834  4948      929387  Sun Aug 30 18:30:03 2009
M3G20090203T135512_V00_LOC.IMG   325  1638  2233   148  3605  1847  4964      929765  Sun Aug 30 18:32:30 2009
M3G20090203T175131_V00_LOC.IMG   331  1445  2158   145  3599  1717  4837      930286  Sun Aug 30 18:36:47 2009
M3G20090204T113444_V00_LOC.IMG   340   579  1825    89  3492  1243  4384      935278  Sun Aug 30 18:42:12 2009
M3G20090204T152951_V00_LOC.IMG   346   382  1740    68  3448  1820  4962      935700  Sun Aug 30 18:46:42 2009
M3G20090204T192552_V00_LOC.IMG   351   185  1652    43  3398  1872  5014      935980  Sun Aug 30 18:51:29 2009
M3G20090205T071411_V00_LOC.IMG   360   291  1423     2  2457  1868  4239      238599  Sun Aug 30 18:58:12 2009
M3G20090205T111013_V00_LOC.IMG   366   808  1337     2  1062  1909  2924       61778  Sun Aug 30 19:02:32 2009
M3G20090205T150614_V00_LOC.IMG   372  1094  1251     2   293  1983  2262        6372  Sun Aug 30 19:06:30 2009
