M3G20090203T133031_V00_LOC.IMG   324  3681  3969     1   284    36   282       72739  Sun Aug 30 18:31:59 2009
M3G20090203T152831_V00_LOC.IMG   327  3449  3740     1   313    11   283       80561  Sun Aug 30 18:34:15 2009
M3G20090203T172632_V00_LOC.IMG   330  3218  3511    16   340     1   278       83400  Sun Aug 30 18:36:21 2009
M3G20090203T192432_V00_LOC.IMG   333  2987  3282    42   367     1   278       83400  Sun Aug 30 18:37:42 2009
M3G20090204T091031_V00_LOC.IMG   336  1367  1670   184   513     1   283       84900  Sun Aug 30 18:39:31 2009
M3G20090204T110831_V00_LOC.IMG   338  1138  1441   202   531     1   283       84900  Sun Aug 30 18:41:25 2009
M3G20090204T130632_V00_LOC.IMG   342   910  1211   228   551     1   278       83400  Sun Aug 30 18:43:36 2009
M3G20090204T150432_V00_LOC.IMG   345   680   981   253   576     1   278       83400  Sun Aug 30 18:45:56 2009
M3G20090204T170231_V00_LOC.IMG   348   452   754   275   603     1   283       84900  Sun Aug 30 18:48:07 2009
M3G20090204T190031_V00_LOC.IMG   350   222   526   300   628     1   283       84900  Sun Aug 30 18:50:45 2009
