M3G20090212T122313_V00_LOC.IMG   581  3764  4247    83  3535 20371 23472      518997  Mon Aug 31 00:27:36 2009
M3G20090212T143253_V00_LOC.IMG   583  3570  4163    65  3530 13528 16631      929292  Mon Aug 31 00:29:32 2009
M3G20090212T162141_V00_LOC.IMG   586  3375  3935    49  3513 18995 22099      929726  Mon Aug 31 00:32:23 2009
M3G20090212T184721_V00_LOC.IMG   589  3181  3708    35  3498  2719  5824      930026  Mon Aug 31 00:33:59 2009
M3G20090212T203719_V00_LOC.IMG   592  2986  3480    23  3485  7496 10602      930330  Mon Aug 31 00:36:13 2009
M3G20090212T222453_V00_LOC.IMG   594  2792  3252    15  3475 13689 16796      930577  Mon Aug 31 00:37:35 2009
M3G20090213T001153_V00_LOC.IMG   597  2594  3024     8  3466 20176 23283      930790  Mon Aug 31 00:39:49 2009
M3G20090213T022112_V00_LOC.IMG   599  2399  2795     3  3460 13539 16647      930949  Mon Aug 31 00:41:20 2009
M3G20090213T040732_V00_LOC.IMG   601  2204  2565     1  3455 20456 23565      931193  Mon Aug 31 00:43:32 2009
M3G20090213T061652_V00_LOC.IMG   603  1997  2335     1  3452 13816 16925      931366  Mon Aug 31 00:45:03 2009
M3G20090213T080353_V00_LOC.IMG   605  1768  2118     1  3453 20343 23452      931375  Mon Aug 31 00:47:17 2009
M3G20090213T101313_V00_LOC.IMG   607  1537  1921     2  3458 13701 16812      931827  Mon Aug 31 00:48:48 2009
M3G20090213T115953_V00_LOC.IMG   609  1305  1725     6  3464 20424 23536      932031  Mon Aug 31 00:51:00 2009
M3G20090213T140913_V00_LOC.IMG   611  1073  1527    12  3472 13783 16895      932291  Mon Aug 31 00:52:32 2009
M3G20090213T155552_V00_LOC.IMG   613   843  1206    21   693 20509 21095      175536  Mon Aug 31 00:54:34 2009
M3G20090213T180532_V00_LOC.IMG   615   613  1132    31  3494 13670 16783      932539  Mon Aug 31 00:55:51 2009
M3G20090213T195213_V00_LOC.IMG   617   384   934    44  3508 20393 23506      932695  Mon Aug 31 00:58:08 2009
M3G20090213T221852_V00_LOC.IMG   620   156   737    60  3525  3536  6649      932828  Mon Aug 31 00:59:43 2009
M3G20090214T000903_V00_LOC.IMG   623     3   540    78  3534  8192 11307      689434  Mon Aug 31 01:04:13 2009
M3G20090214T020800_V00_LOC.IMG   626     2   342    99  3535  7672 10783       53891  Mon Aug 31 01:10:47 2009
