M3G20090125T171718_V00_LOC.IMG   243     2   240  2622  3241     1   595        5824  Sun Aug 30 17:11:55 2009
M3G20090205T071411_V00_LOC.IMG   360  2806  4045     1  3365  1891  5016      698407  Sun Aug 30 18:57:58 2009
M3G20090205T111013_V00_LOC.IMG   366  2721  3848     2  3420  1924  5057      875510  Sun Aug 30 19:02:26 2009
M3G20090205T150614_V00_LOC.IMG   372  2632  3648     2  3468  1989  5133      931651  Sun Aug 30 19:06:28 2009
M3G20090205T190233_V00_LOC.IMG   378  2544  3447    15  3510  1870  5018      937666  Sun Aug 30 19:10:00 2009
M3G20090205T225833_V00_LOC.IMG   384  2457  3244    43  3544  1947  5095      937714  Sun Aug 30 19:13:27 2009
M3G20090206T025453_V00_LOC.IMG   389  2381  3050    64  3569  1829  4979      938230  Sun Aug 30 19:16:51 2009
M3G20090206T065053_V00_LOC.IMG   396  2297  2848    86  3589  1904  5056      938488  Sun Aug 30 19:20:46 2009
M3G20090206T084850_V00_LOC.IMG   398  2255  2747    94  3596  1970  5123      938794  Sun Aug 30 19:22:31 2009
M3G20090206T124510_V00_LOC.IMG   403  2173  2545   111  3605  1842  5000      940110  Sun Aug 30 19:27:58 2009
M3G20090206T164110_V00_LOC.IMG   407  2006  2441   125  3607  1916  5074      940096  Sun Aug 30 19:33:10 2009
M3G20090206T203710_V00_LOC.IMG   412  1804  2361   136  3607  1981  5142      940799  Sun Aug 30 19:37:49 2009
M3G20090206T222411_V00_LOC.IMG   414  1703  2322   141  3607  8498 11661      941097  Sun Aug 30 19:39:57 2009
M3G20090207T003331_V00_LOC.IMG   417  1588  2264   146  3606  1845  5006      941134  Sun Aug 30 19:43:47 2009
M3G20090207T061610_V00_LOC.IMG   423  1288  2144   140  3592  8620 11786      942205  Sun Aug 30 19:48:24 2009
M3G20090207T082530_V00_LOC.IMG   426  1188  2104   135  3583  1966  5133      942549  Sun Aug 30 19:51:54 2009
M3G20090207T101751_V00_LOC.IMG   431  1089  2064   130  3574  5323  8492      942857  Sun Aug 30 19:54:44 2009
M3G20090207T121011_V00_LOC.IMG   433   989  2024   122  3562  8697 11867      943101  Sun Aug 30 19:56:55 2009
M3G20090207T141950_V00_LOC.IMG   436  1591  1980   116   312  1848  1991       37600  Sun Aug 30 19:59:35 2009
M3G20090207T142313_V00_LOC.IMG   437   889  1942   238  3549     1  3026      905332  Sun Aug 30 20:00:07 2009
M3G20090207T161103_V00_LOC.IMG   440   790  1938   108  3534  5868  9038      943180  Sun Aug 30 20:02:33 2009
M3G20090207T181550_V00_LOC.IMG   443   691  1895    99  3517  1890  5060      943462  Sun Aug 30 20:05:29 2009
M3G20090207T200231_V00_LOC.IMG   446   593  1852    90  3499  8608 11763      938896  Sun Aug 30 20:07:36 2009
M3G20090207T221151_V00_LOC.IMG   450   494  1809    79  3479  1931  5102      943596  Sun Aug 30 20:11:46 2009
M3G20090207T235830_V00_LOC.IMG   453   366  1729    58  3450   404  3569      942919  Sun Aug 30 20:16:07 2009
M3G20090208T020750_V00_LOC.IMG   456   268  1685    45  3425  1972  5136      942860  Sun Aug 30 20:21:32 2009
M3G20090208T035432_V00_LOC.IMG   459   171  1640    31  3399  8663 11826      942780  Sun Aug 30 20:23:53 2009
M3G20090208T075032_V00_LOC.IMG   462   450  1551     2  2148     1  1978      578472  Sun Aug 30 20:26:41 2009
M3G20090208T080838_V00_LOC.IMG   463     3   761  2032  3342     1  1182      333619  Sun Aug 30 20:27:40 2009
M3G20090208T100012_V00_LOC.IMG   465     2  1506     2  3310  1841  4996      714982  Sun Aug 30 20:31:14 2009
M3G20090208T114652_V00_LOC.IMG   468     2  1462     2  3277  8543 11694      513385  Sun Aug 30 20:33:40 2009
M3G20090208T135610_V00_LOC.IMG   471     2  1418     2  3242  1896  5045      311708  Sun Aug 30 20:37:54 2009
M3G20090208T154251_V00_LOC.IMG   474   418  1374     1  2116   310  2358      152603  Sun Aug 30 20:41:09 2009
M3G20090208T175211_V00_LOC.IMG   477   728  1330     2  1278  1936  3163       68822  Sun Aug 30 20:46:03 2009
M3G20090208T194335_V00_LOC.IMG   480   933  1285     2   727  5834  6529       25217  Sun Aug 30 20:48:31 2009
M3G20090208T214811_V00_LOC.IMG   484  1096  1240     2   287  1974  2245        4676  Sun Aug 30 20:51:32 2009
