M3G20090131T051413_V00_LOC.IMG   252  3562  3796     2   886  5016  5844        8718  Sun Aug 30 17:25:36 2009
M3G20090131T091031_V00_LOC.IMG   254  3374  4391     2  3411  4910  8013      679364  Sun Aug 30 17:29:02 2009
M3G20090131T111951_V00_LOC.IMG   256  3671  4310  1863  3442     1  1374      411450  Sun Aug 30 17:32:15 2009
M3G20090131T130631_V00_LOC.IMG   259  3183  4157    22  3471  4994  8096      929761  Sun Aug 30 17:35:21 2009
M3G20090131T151551_V00_LOC.IMG   262  3406  4004  1849  3496     1  1437      430480  Sun Aug 30 17:36:57 2009
M3G20090201T064933_V00_LOC.IMG   264  2321  2775   150  3612  4742  7798      916018  Sun Aug 30 17:39:41 2009
M3G20090201T085853_V00_LOC.IMG   266  2266  2621  2235  3615     1  1218      364589  Sun Aug 30 17:41:44 2009
M3G20090201T104533_V00_LOC.IMG   269  2126  2467   161  3616  4846  7945      928970  Sun Aug 30 17:45:17 2009
M3G20090201T125453_V00_LOC.IMG   271  1983  2324  2139  3616     1  1310      392294  Sun Aug 30 17:46:51 2009
M3G20090201T144133_V00_LOC.IMG   273  1828  2241   160  3616  4942  8042      929376  Sun Aug 30 17:50:17 2009
M3G20090201T163951_V00_LOC.IMG   275  1673  2145   155  3613  4808  7909      929589  Sun Aug 30 17:52:13 2009
M3G20090201T184911_V00_LOC.IMG   278  1519  1929  2158  3609     1  1276      382152  Sun Aug 30 17:53:42 2009
M3G20090201T203612_V00_LOC.IMG   281  1364  1953   140  3602  4710  7812      929879  Sun Aug 30 17:56:54 2009
M3G20090201T224531_V00_LOC.IMG   283  1210  1662  2235  3593     1  1187      355153  Sun Aug 30 18:00:06 2009
M3G20090202T003211_V00_LOC.IMG   285  1064  1769   120  3581  4809  7914      930576  Sun Aug 30 18:03:02 2009
M3G20090202T024131_V00_LOC.IMG   288   911  1422  2097  3566     1  1284      384274  Sun Aug 30 18:04:33 2009
M3G20090202T042831_V00_LOC.IMG   291   760  1580    93  3550  4713  7820      930867  Sun Aug 30 18:07:01 2009
M3G20090202T063731_V00_LOC.IMG   293   610  1186  1949  3530     1  1382      413699  Sun Aug 30 18:08:18 2009
M3G20090202T082431_V00_LOC.IMG   296  1021  1395    61   468  4812  5143       99279  Sun Aug 30 18:10:23 2009
M3G20090202T083314_V00_LOC.IMG   297   461  1332   416  3509     1  2774      831291  Sun Aug 30 18:10:41 2009
M3G20090202T103351_V00_LOC.IMG   300   312   916  2015  3484     1  1279      382559  Sun Aug 30 18:12:05 2009
M3G20090202T122051_V00_LOC.IMG   303   164  1212    22  3458  4700  7806      930519  Sun Aug 30 18:14:14 2009
M3G20090202T142951_V00_LOC.IMG   306    15   685  1871  3429     1  1361      407083  Sun Aug 30 18:15:57 2009
M3G20090202T161651_V00_LOC.IMG   309     2  1028     1  3398  4780  7882      607146  Sun Aug 30 18:19:09 2009
M3G20090202T182612_V00_LOC.IMG   312     1   403  2004  3364     1  1236       68019  Sun Aug 30 18:20:43 2009
M3G20090202T201251_V00_LOC.IMG   315   612   845     1   824  4862  5632       13183  Sun Aug 30 18:23:34 2009
M3G20090214T013412_V00_LOC.IMG   625  3401  4032     2  1916     1  1751      304458  Mon Aug 31 01:06:43 2009
