M3G20090211T003032_V00_LOC.IMG   535  4061  4253  1463  1781     1   283       52355  Sun Aug 30 23:21:02 2009
M3G20090211T022832_V00_LOC.IMG   538  3831  4145  1503  1822     1   283       84900  Sun Aug 30 23:31:58 2009
M3G20090211T042632_V00_LOC.IMG   543  3604  3917  1541  1860     1   283       84900  Sun Aug 30 23:40:03 2009
M3G20090211T062432_V00_LOC.IMG   546  3379  3692  1583  1896     1   278       83400  Sun Aug 30 23:48:52 2009
M3G20090211T082232_V00_LOC.IMG   548  3149  3459  1615  1932     1   282       84600  Sun Aug 30 23:57:09 2009
M3G20090211T102032_V00_LOC.IMG   551  2920  3229  1652  1965     1   278       83400  Mon Aug 31 00:00:39 2009
M3G20090211T121833_V00_LOC.IMG   553  2692  3000  1685  1997     1   278       83400  Mon Aug 31 00:02:51 2009
M3G20090211T181252_V00_LOC.IMG   556  2004  2311  1556  1874     1   283       84900  Mon Aug 31 00:03:41 2009
M3G20090211T201052_V00_LOC.IMG   559  1774  2081  1593  1906     1   278       83400  Mon Aug 31 00:06:10 2009
M3G20090211T220852_V00_LOC.IMG   561  1545  1851  1627  1941     1   278       83400  Mon Aug 31 00:09:35 2009
M3G20090212T000652_V00_LOC.IMG   564  1315  1622  1663  1981     1   283       84900  Mon Aug 31 00:11:39 2009
M3G20090212T020452_V00_LOC.IMG   567  1086  1392  1703  2021     1   283       84900  Mon Aug 31 00:13:49 2009
M3G20090212T040252_V00_LOC.IMG   569   856  1162  1746  2064     1   283       84900  Mon Aug 31 00:15:50 2009
M3G20090212T060052_V00_LOC.IMG   572   626   931  1789  2108     1   283       84900  Mon Aug 31 00:18:17 2009
M3G20090212T075913_V00_LOC.IMG   575   397   702  1621  1934     1   277       83100  Mon Aug 31 00:20:41 2009
M3G20090212T095713_V00_LOC.IMG   577   168   472  1666  1979     1   278       83400  Mon Aug 31 00:22:58 2009
M3G20090212T115512_V00_LOC.IMG   580     2   242  1709  2028     1   283       67354  Mon Aug 31 00:25:01 2009
M3G20090212T135312_V00_LOC.IMG   582     1    14  1756  2070     1   283        3333  Mon Aug 31 00:28:24 2009
