M3G20090206T105850_V00_LOC.IMG   401  3830  4247     1  3452  4316  7430      382288  Sun Aug 30 19:25:14 2009
M3G20090206T124510_V00_LOC.IMG   403  3632  4171     1  3470 11231 14347      918004  Sun Aug 30 19:28:55 2009
M3G20090206T145451_V00_LOC.IMG   405  3435  3939    16  3487  4390  7506      933031  Sun Aug 30 19:30:37 2009
M3G20090206T164110_V00_LOC.IMG   407  3238  3706    31  3501 11308 14424      933041  Sun Aug 30 19:33:43 2009
M3G20090206T185403_V00_LOC.IMG   410  3042  3476    45  3512  2566  5682      932995  Sun Aug 30 19:35:34 2009
M3G20090206T203710_V00_LOC.IMG   412  2845  3241    57  3522 11376 14492      932819  Sun Aug 30 19:38:29 2009
M3G20090206T222411_V00_LOC.IMG   414  2649  2995    66  1905 17895 19562      499720  Sun Aug 30 19:40:57 2009
M3G20090206T225721_V00_LOC.IMG   415  2666  3009  1899  3528     1  1447      432661  Sun Aug 30 19:41:19 2009
M3G20090207T003331_V00_LOC.IMG   417  2441  2773    74  3533 11242 14357      932662  Sun Aug 30 19:44:27 2009
M3G20090207T044515_V00_LOC.IMG   421  1979  2381    83  3535  2031  5144      932343  Sun Aug 30 19:46:48 2009
M3G20090207T061610_V00_LOC.IMG   423  1779  2185    83  2625 18012 20314      690334  Sun Aug 30 19:49:34 2009
M3G20090207T065039_V00_LOC.IMG   424  1749  2106  2617  3535     1   810      241595  Sun Aug 30 19:49:55 2009
M3G20090207T083836_V00_LOC.IMG   427  1519  1990    79  3533  3654  6767      932028  Sun Aug 30 19:52:45 2009
M3G20090207T101751_V00_LOC.IMG   431  1290  1795    74  3529 14730 17843      931949  Sun Aug 30 19:55:26 2009
M3G20090207T121011_V00_LOC.IMG   433  1203  1600    66  1238 18106 19167      317954  Sun Aug 30 19:57:36 2009
M3G20090207T124241_V00_LOC.IMG   434  1060  1528  1222  3523     1  2053      614147  Sun Aug 30 19:58:00 2009
M3G20090207T142313_V00_LOC.IMG   437   832  1404    57  3515  9266 12378      931792  Sun Aug 30 20:00:37 2009
M3G20090207T161103_V00_LOC.IMG   440   604  1210    45  3503 15278 18390      931772  Sun Aug 30 20:03:18 2009
M3G20090207T181550_V00_LOC.IMG   443   469  1015    32  2488 11301 13517      664621  Sun Aug 30 20:05:53 2009
M3G20090207T183846_V00_LOC.IMG   444   375   791  2462  3491     1   895      266846  Sun Aug 30 20:06:08 2009
M3G20090207T200231_V00_LOC.IMG   446   148   823    17  3475 18003 21116      932054  Sun Aug 30 20:08:45 2009
M3G20090207T221151_V00_LOC.IMG   450     2   628     1  3457 11342 14450      790216  Sun Aug 30 20:12:59 2009
M3G20090208T001912_V00_LOC.IMG   454     2   414     1  3437  5837  8943      137121  Sun Aug 30 20:18:26 2009
