M3G20090204T173931_V00_LOC.IMG   349  3462  4218   984  3616 20482 22916      150397  Sun Aug 30 18:49:36 2009
M3G20090204T235142_V00_LOC.IMG   355  3575  4245   166  1775  9182 10591      422381  Sun Aug 30 18:54:49 2009
M3G20090205T060017_V00_LOC.IMG   358  2854  3782    90  3528   685  3779      925055  Sun Aug 30 18:56:41 2009
M3G20090205T074030_V00_LOC.IMG   361  3048  3625    69  1740 11205 12669      438718  Sun Aug 30 18:59:36 2009
M3G20090205T094623_V00_LOC.IMG   364  2657  3468    51  3499  6584  9677      924830  Sun Aug 30 19:01:09 2009
M3G20090205T113340_V00_LOC.IMG   367  2796  3310    36  1658 12944 14364      425692  Sun Aug 30 19:03:58 2009
M3G20090205T133443_V00_LOC.IMG   370  2457  3151    24  3477 11187 14279      924640  Sun Aug 30 19:05:29 2009
M3G20090205T153710_V00_LOC.IMG   373  2541  2992    14  1545  8606  9948      402340  Sun Aug 30 19:07:47 2009
M3G20090205T174458_V00_LOC.IMG   376  2256  2831     7  3461  2865  5957      924408  Sun Aug 30 19:09:15 2009
M3G20090205T193313_V00_LOC.IMG   379  2265  2670     3  1662  8655 10117      438347  Sun Aug 30 19:11:14 2009
M3G20090205T211213_V00_LOC.IMG   381  2160  2507     1   960 19889 20730      251974  Sun Aug 30 19:12:27 2009
M3G20090205T214723_V00_LOC.IMG   382  2055  2461   950  3453     1  2249      671929  Sun Aug 30 19:12:43 2009
M3G20090205T233034_V00_LOC.IMG   385  2001  2346     1  1566  7928  9310      414247  Sun Aug 30 19:14:41 2009
M3G20090206T010833_V00_LOC.IMG   387  1838  2172     1  3462 19770 22860      924027  Sun Aug 30 19:16:07 2009
M3G20090206T030351_V00_LOC.IMG   390  1700  2012     4  1488 21399 22705      391506  Sun Aug 30 19:18:11 2009
M3G20090206T050647_V00_LOC.IMG   393  1536  1881     8  1853 18532 20157      487184  Sun Aug 30 19:19:35 2009
M3G20090206T054058_V00_LOC.IMG   394  1585  1923  1845  3478     1  1463      436133  Sun Aug 30 19:19:49 2009
M3G20090206T065053_V00_LOC.IMG   396  1374  1739    16  1641 26762 28187      427193  Sun Aug 30 19:21:56 2009
M3G20090206T092112_V00_LOC.IMG   399  1210  1600    26  1589  7747  9112      409133  Sun Aug 30 19:24:22 2009
M3G20090206T105850_V00_LOC.IMG   401  1047  1607    40  3516 19789 22874      922523  Sun Aug 30 19:26:31 2009
M3G20090206T124510_V00_LOC.IMG   403   886  1318    57  1540 26703 27991      386087  Sun Aug 30 19:29:50 2009
M3G20090206T145451_V00_LOC.IMG   405   725  1401    76  3550 19858 22940      921659  Sun Aug 30 19:31:44 2009
M3G20090206T164110_V00_LOC.IMG   407   565  1063    98  1736 26772 28193      426039  Sun Aug 30 19:34:30 2009
M3G20090206T185403_V00_LOC.IMG   410   405  1193   123  3591 18025 21104      920805  Sun Aug 30 19:36:23 2009
M3G20090206T203710_V00_LOC.IMG   412   245   781   151  1721 26830 28188      407075  Sun Aug 30 19:39:09 2009
M3G20090206T225721_V00_LOC.IMG   415    87   987   182  3616 13779 16846      835811  Sun Aug 30 19:42:18 2009
M3G20090207T003331_V00_LOC.IMG   417     1   487   211  1563 26685 27861      248994  Sun Aug 30 19:45:13 2009
M3G20090207T012046_V00_LOC.IMG   418   316   515  1526  1706     1   129       23583  Sun Aug 30 19:45:23 2009
