M3G20090212T044205_V00_LOC.IMG   571  3835  4324   111  3552 16895 19981      322307  Mon Aug 31 00:18:03 2009
M3G20090212T064032_V00_LOC.IMG   573  3675  4323    91  3552 16669 19756      880625  Mon Aug 31 00:19:43 2009
M3G20090212T082712_V00_LOC.IMG   576  3515  4129    74  3538 23392 26481      925452  Mon Aug 31 00:22:38 2009
M3G20090212T104932_V00_LOC.IMG   579  3353  3935    58  3523  9086 12176      925592  Mon Aug 31 00:24:21 2009
M3G20090212T122313_V00_LOC.IMG   581  3192  3741    44  3508 23469 26560      925859  Mon Aug 31 00:27:55 2009
M3G20090212T143253_V00_LOC.IMG   583  3031  3548    32  3495 16626 19718      926225  Mon Aug 31 00:29:40 2009
M3G20090212T162141_V00_LOC.IMG   586  2870  3353    22  3485 22094 25187      926394  Mon Aug 31 00:32:32 2009
M3G20090212T184721_V00_LOC.IMG   589  2710  3159    14  3476  5820  8914      926626  Mon Aug 31 00:34:07 2009
M3G20090212T203719_V00_LOC.IMG   592  2550  2965     8  3467 10597 13692      926897  Mon Aug 31 00:36:21 2009
M3G20090212T222453_V00_LOC.IMG   594  2390  2772     4  3462 16791 19887      927202  Mon Aug 31 00:37:43 2009
M3G20090213T001153_V00_LOC.IMG   597  2225  2575     2  3457 23279 26375      927303  Mon Aug 31 00:39:58 2009
M3G20090213T022112_V00_LOC.IMG   599  2066  2381     1  3454 16642 19738      927191  Mon Aug 31 00:41:28 2009
M3G20090213T040732_V00_LOC.IMG   601  1881  2219     1  3455 23560 26658      927721  Mon Aug 31 00:43:41 2009
M3G20090213T061652_V00_LOC.IMG   603  1684  2058     2  3458 16920 20018      927926  Mon Aug 31 00:45:12 2009
M3G20090213T080353_V00_LOC.IMG   605  1488  1896     5  3463 23447 26546      928196  Mon Aug 31 00:47:25 2009
M3G20090213T101313_V00_LOC.IMG   607  1291  1732    10  3470 16807 19906      928343  Mon Aug 31 00:48:57 2009
M3G20090213T115953_V00_LOC.IMG   609  1095  1568    16  3478 23531 26631      928538  Mon Aug 31 00:51:09 2009
M3G20090213T140913_V00_LOC.IMG   611   898  1405    26  3487 16890 19991      928677  Mon Aug 31 00:52:40 2009
M3G20090213T180532_V00_LOC.IMG   615   505  1078    49  3514 16779 19880      928927  Mon Aug 31 00:56:01 2009
M3G20090213T195213_V00_LOC.IMG   617   307   915    64  3528 23502 26603      929065  Mon Aug 31 00:58:17 2009
M3G20090213T221852_V00_LOC.IMG   620   111   752    80  3546  6645  9747      929103  Mon Aug 31 00:59:52 2009
M3G20090214T000903_V00_LOC.IMG   623     1   590    99  3552 11302 14404      639346  Mon Aug 31 01:04:50 2009
M3G20090214T020800_V00_LOC.IMG   626     2   428   121  3552 10783 13880       83893  Mon Aug 31 01:11:22 2009
