M3G20090210T231132_V00_LOC.IMG   533  3980  4247    92  2076 13544 15306      142457  Sun Aug 30 23:16:26 2009
M3G20090210T233730_V00_LOC.IMG   534  3839  4062  2066  3535     1  1326      113825  Sun Aug 30 23:17:32 2009
M3G20090211T011239_V00_LOC.IMG   537  3649  4247    73  3535 11744 14835      889449  Sun Aug 30 23:29:35 2009
M3G20090211T032906_V00_LOC.IMG   541  3457  4028    56  3520   903  3995      926239  Sun Aug 30 23:36:44 2009
M3G20090211T045412_V00_LOC.IMG   544  3265  3800    42  3504 20343 23434      926250  Sun Aug 30 23:46:55 2009
M3G20090211T070332_V00_LOC.IMG   547  3072  3572    29  3491 13698 16790      926354  Sun Aug 30 23:53:55 2009
M3G20090211T085804_V00_LOC.IMG   550  2879  3343    19  3479 15785 18876      926283  Mon Aug 31 00:00:01 2009
M3G20090211T105952_V00_LOC.IMG   552  2686  3114    11  3470 13579 16671      926396  Mon Aug 31 00:01:44 2009
M3G20090211T171539_V00_LOC.IMG   555  2106  2429     1  3453   847  3941      927142  Mon Aug 31 00:03:15 2009
M3G20090211T185152_V00_LOC.IMG   557  1884  2204     1  3452 13729 16823      927014  Mon Aug 31 00:04:51 2009
M3G20090211T203852_V00_LOC.IMG   560  1654  2011     1  3455 20252 23347      927247  Mon Aug 31 00:08:59 2009
M3G20090211T231038_V00_LOC.IMG   563  1424  1818     4  3460   388  3483      927423  Mon Aug 31 00:10:43 2009
M3G20090212T003453_V00_LOC.IMG   565  1192  1623     9  3467 20322 23419      927886  Mon Aug 31 00:13:19 2009
M3G20090212T024412_V00_LOC.IMG   568   963  1430    16  3476 13688 16786      928069  Mon Aug 31 00:14:58 2009
M3G20090212T044205_V00_LOC.IMG   571   733  1235    26  3487 13801 16899      928271  Mon Aug 31 00:17:37 2009
M3G20090212T064032_V00_LOC.IMG   573   503  1041    38  3500 13574 16673      928513  Mon Aug 31 00:19:27 2009
M3G20090212T082712_V00_LOC.IMG   576   273   846    52  3515 20295 23396      929063  Mon Aug 31 00:22:28 2009
M3G20090212T104932_V00_LOC.IMG   579    43   652    68  3532  5989  9090      929041  Mon Aug 31 00:24:12 2009
M3G20090212T122313_V00_LOC.IMG   581     2   458    87  3535 20371 23473      410337  Mon Aug 31 00:27:16 2009
