M3G20090203T041059_V00_LOC.IMG   318  3495  4221    80  3540 20040 23161      934133  Sun Aug 30 18:26:49 2009
M3G20090203T061431_V00_LOC.IMG   320  3331  4025    63  3523 16806 19927      934141  Sun Aug 30 18:28:21 2009
M3G20090203T080104_V00_LOC.IMG   322  3261  3829    49  2578 23595 25882      685916  Sun Aug 30 18:31:36 2009
M3G20090203T084457_V00_LOC.IMG   323  3167  3590  2551  3508     1   832      247518  Sun Aug 30 18:31:49 2009
M3G20090203T135512_V00_LOC.IMG   325  2677  3238    17  3474 23605 26724      933516  Sun Aug 30 18:33:58 2009
M3G20090203T160452_V00_LOC.IMG   328  2599  3042    10  2096 16755 18647      567261  Sun Aug 30 18:35:18 2009
M3G20090203T163629_V00_LOC.IMG   329  2514  2924  2081  3467     1  1225      365514  Sun Aug 30 18:35:32 2009
M3G20090203T200051_V00_LOC.IMG   334  2405  2644     3     8 16820 16822         549  Sun Aug 30 18:38:39 2009
M3G20090203T202923_V00_LOC.IMG   335  2190  2644     2  3457     1  3111      931169  Sun Aug 30 18:38:59 2009
M3G20090204T094731_V00_LOC.IMG   337   955  1371    23  3491 16627 19729      928080  Sun Aug 30 18:40:42 2009
M3G20090204T120815_V00_LOC.IMG   341   761  1210    33  3503  3253  6353      927671  Sun Aug 30 18:43:28 2009
M3G20090204T134332_V00_LOC.IMG   343   568  1051    45  3516 16679 19778      927326  Sun Aug 30 18:44:47 2009
M3G20090204T152951_V00_LOC.IMG   346   374   693    59   353 23584 23836       75317  Sun Aug 30 18:47:43 2009
M3G20090204T161017_V00_LOC.IMG   347   390   892   335  3531     1  2845      851534  Sun Aug 30 18:48:00 2009
M3G20090204T173931_V00_LOC.IMG   349   182   734    75  3548 16731 19828      926816  Sun Aug 30 18:49:21 2009
