M3G20090127T031145_V00_LOC.IMG   250  3140  3503     1  3447  2771  5897      936456  Sun Aug 30 17:24:01 2009
M3G20090209T205752_V00_LOC.IMG   501  2988  3298  1365  1680     1   278       83400  Sun Aug 30 21:09:01 2009
M3G20090209T225552_V00_LOC.IMG   503  2759  3070  1406  1720     1   278       83400  Sun Aug 30 21:17:20 2009
M3G20090210T005352_V00_LOC.IMG   505  2536  2848  1405  1724     1   283       84900  Sun Aug 30 21:25:36 2009
M3G20090210T025152_V00_LOC.IMG   508  2310  2623  1444  1762     1   283       84900  Sun Aug 30 21:34:30 2009
M3G20090210T044952_V00_LOC.IMG   511  2085  2396  1478  1798     1   283       84900  Sun Aug 30 21:44:54 2009
M3G20090210T064812_V00_LOC.IMG   514  1856  2168  1299  1619     1   283       84900  Sun Aug 30 21:55:55 2009
M3G20090210T104412_V00_LOC.IMG   519  1402  1713  1387  1701     1   278       83400  Sun Aug 30 22:11:37 2009
M3G20090210T124212_V00_LOC.IMG   521  1175  1486  1435  1742     1    97       29100  Sun Aug 30 22:22:53 2009
M3G20090210T144012_V00_LOC.IMG   524   947  1258  1475  1794     1   283       84900  Sun Aug 30 22:27:47 2009
M3G20090210T183632_V00_LOC.IMG   528   490   807  1341  1660     1   283       84900  Sun Aug 30 22:47:42 2009
M3G20090210T203432_V00_LOC.IMG   530   262   578  1390  1703     1   277       83100  Sun Aug 30 22:58:42 2009
M3G20090210T223232_V00_LOC.IMG   532    35   348  1434  1747     1   278       83400  Sun Aug 30 23:09:38 2009
M3G20090211T003032_V00_LOC.IMG   535     2   121  1463  1781     1   283       32545  Sun Aug 30 23:21:09 2009
