M3G20090210T231132_V00_LOC.IMG   533  4170  4254     1  3447 10450 13546      231858  Sun Aug 30 23:15:09 2009
M3G20090211T011239_V00_LOC.IMG   537  3945  4254     1  3447  8650 11748      907119  Sun Aug 30 23:28:04 2009
M3G20090211T030946_V00_LOC.IMG   540  3722  4036     1  2424  9209 11400      657175  Sun Aug 30 23:35:26 2009
M3G20090211T032906_V00_LOC.IMG   541  3717  4033  2421  3447     1   907      270998  Sun Aug 30 23:35:55 2009
M3G20090211T045412_V00_LOC.IMG   544  3490  3805     1  3447 17248 20346      928518  Sun Aug 30 23:46:05 2009
M3G20090211T070332_V00_LOC.IMG   547  3262  3576     1  3447 10603 13702      928585  Sun Aug 30 23:53:02 2009
M3G20090211T085804_V00_LOC.IMG   550  3034  3347     1  3447 12689 15788      928771  Sun Aug 30 23:59:42 2009
M3G20090211T105952_V00_LOC.IMG   552  2804  3117     1  3447 10483 13583      928876  Mon Aug 31 00:01:35 2009
M3G20090211T171539_V00_LOC.IMG   555  2117  2432  2469  3447     1   851      254226  Mon Aug 31 00:03:07 2009
M3G20090211T185152_V00_LOC.IMG   557  1887  2203     1  3447 10629 13733      929944  Mon Aug 31 00:04:42 2009
M3G20090211T203852_V00_LOC.IMG   560  1657  1975     1  3447 17151 20256      930295  Mon Aug 31 00:08:42 2009
M3G20090211T224812_V00_LOC.IMG   562  1427  1745     1  3005 10509 13221      813482  Mon Aug 31 00:10:21 2009
M3G20090211T231038_V00_LOC.IMG   563  1427  1746  3002  3447     1   392      116492  Mon Aug 31 00:10:35 2009
M3G20090212T003453_V00_LOC.IMG   565  1195  1517     1  3447 17219 20326      930941  Mon Aug 31 00:13:10 2009
M3G20090212T024412_V00_LOC.IMG   568   966  1289     1  3447 10584 13692      931232  Mon Aug 31 00:14:49 2009
M3G20090212T044205_V00_LOC.IMG   571   735  1059     1  3447 10696 13805      931337  Mon Aug 31 00:17:28 2009
M3G20090212T064032_V00_LOC.IMG   573   505   830     1  3447 10469 13578      931649  Mon Aug 31 00:19:18 2009
M3G20090212T082712_V00_LOC.IMG   576   274   601     1  3447 17189 20299      931912  Mon Aug 31 00:22:18 2009
M3G20090212T104932_V00_LOC.IMG   579    43   372     1  3447  2882  5993      932127  Mon Aug 31 00:24:02 2009
M3G20090212T122313_V00_LOC.IMG   581     1   144     1  3447 17264 20375      395545  Mon Aug 31 00:26:51 2009
