M3G20090207T165529_V00_LOC.IMG   441  2844  3070  3179  3606 10211 10608       15308  Sun Aug 30 20:04:25 2009
M3G20090207T210337_V00_LOC.IMG   448  2768  3393  2308  3606  2283  3497       95915  Sun Aug 30 20:10:16 2009
M3G20090208T001912_V00_LOC.IMG   454  2728  3858  1054  3607 24947 27351      244873  Sun Aug 30 20:20:06 2009
M3G20090208T080838_V00_LOC.IMG   463  2580  4044   261  3586 25879 28947      915371  Sun Aug 30 20:29:57 2009
M3G20090208T121842_V00_LOC.IMG   469  2506  3863   208  3562 17638 20706      915670  Sun Aug 30 20:36:24 2009
M3G20090208T160125_V00_LOC.IMG   475  2432  3681   160  3542 25512 28581      916079  Sun Aug 30 20:44:42 2009
M3G20090208T201331_V00_LOC.IMG   481  2792  3497   118  1899 16060 17650      476611  Sun Aug 30 20:50:25 2009
M3G20090208T204328_V00_LOC.IMG   482  2358  3051  1834  3523     1  1481      440018  Sun Aug 30 20:50:40 2009
M3G20090209T000934_V00_LOC.IMG   488  2667  3305    83  1805 16091 17625      459901  Sun Aug 30 20:55:47 2009
M3G20090209T003927_V00_LOC.IMG   489  2276  2932  1748  3506     1  1539      457672  Sun Aug 30 20:56:03 2009
M3G20090209T042503_V00_LOC.IMG   495  2205  3122    54  3493  4644  7721      918536  Sun Aug 30 21:01:28 2009
M3G20090209T233432_V00_LOC.IMG   504  1885  2215     1  3459 22920 25998      920781  Sun Aug 30 21:24:34 2009
M3G20090210T035959_V00_LOC.IMG   510  1745  2118     1  3465  5623  8701      921009  Sun Aug 30 21:43:52 2009
M3G20090210T112252_V00_LOC.IMG   520  1363  1974    15  3483 22940 26016      920884  Sun Aug 30 22:21:27 2009
M3G20090210T155054_V00_LOC.IMG   526  1170  1899    31  3496  4137  7216      921667  Sun Aug 30 22:37:58 2009
M3G20090210T191512_V00_LOC.IMG   529   980  1825    55  3511 22903 25983      921780  Sun Aug 30 22:57:35 2009
M3G20090210T233730_V00_LOC.IMG   534   790  1748    83  3529  7479 10559      921749  Sun Aug 30 23:20:12 2009
M3G20090211T034215_V00_LOC.IMG   542   602  1673   119  3550  2391  5470      921348  Sun Aug 30 23:39:25 2009
M3G20090211T070332_V00_LOC.IMG   547   412  1592   162  3573 22939 26017      920692  Sun Aug 30 23:56:14 2009
M3G20090211T105952_V00_LOC.IMG   552   225  1511   211  3599 22819 25896      920492  Mon Aug 31 00:02:27 2009
M3G20090211T185152_V00_LOC.IMG   557     2   562   329  1550 22971 24103      155102  Mon Aug 31 00:05:25 2009
M3G20090211T193245_V00_LOC.IMG   558   440  1363  1500  3606     1  1941      301397  Mon Aug 31 00:05:50 2009
M3G20090211T231038_V00_LOC.IMG   563   585  1291  1944  3606 11147 12706       72207  Mon Aug 31 00:11:10 2009
M3G20090212T024412_V00_LOC.IMG   568  1158  1212  3488  3607 25904 26013         618  Mon Aug 31 00:15:19 2009
