M3G20090210T072652_V00_LOC.IMG   515  3902  4302   322  3552 16900 19797       54272  Sun Aug 30 22:02:49 2009
M3G20090210T094056_V00_LOC.IMG   518  3747  4324   103  3551  7276 10359      595639  Sun Aug 30 22:09:42 2009
M3G20090210T112252_V00_LOC.IMG   520  3592  4241    84  3545 16786 19870      923960  Sun Aug 30 22:19:16 2009
M3G20090210T151912_V00_LOC.IMG   525  3415  3859    53  1880 16665 18302      491003  Sun Aug 30 22:35:13 2009
M3G20090210T155054_V00_LOC.IMG   526  3280  3675  2285  3516     1  1066      318645  Sun Aug 30 22:36:00 2009
M3G20090210T171205_V00_LOC.IMG   527  3124  3668    40  3502 19728 22813      924217  Sun Aug 30 22:46:38 2009
M3G20090210T191512_V00_LOC.IMG   529  2967  3476    29  3491 16747 19832      924223  Sun Aug 30 22:55:28 2009
M3G20090210T210152_V00_LOC.IMG   531  2809  3285    19  3480 23468 26553      924309  Sun Aug 30 23:08:07 2009
M3G20090210T233730_V00_LOC.IMG   534  2654  3093    12  3472  1323  4408      924265  Sun Aug 30 23:18:31 2009
M3G20090211T011239_V00_LOC.IMG   537  2501  2903     7  3465 14832 17917      924272  Sun Aug 30 23:31:09 2009
M3G20090211T032906_V00_LOC.IMG   541  2343  2711     3  3460  3990  7076      924303  Sun Aug 30 23:37:30 2009
M3G20090211T045412_V00_LOC.IMG   544  2193  2518     2  2738 23430 25884      735999  Sun Aug 30 23:47:40 2009
M3G20090211T053806_V00_LOC.IMG   545  2185  2490  2734  3456     1   630      187898  Sun Aug 30 23:48:20 2009
M3G20090211T070332_V00_LOC.IMG   547  2027  2325     2  3453 16786 19870      924060  Sun Aug 30 23:54:41 2009
M3G20090211T085804_V00_LOC.IMG   550  1834  2165     2  3455 18872 21957      924101  Mon Aug 31 00:00:18 2009
M3G20090211T105952_V00_LOC.IMG   552  1641  2006     3  3459 16667 19751      924002  Mon Aug 31 00:01:52 2009
M3G20090211T171539_V00_LOC.IMG   555  1062  1529    18  3479  3937  7022      924116  Mon Aug 31 00:03:23 2009
M3G20090211T185152_V00_LOC.IMG   557   867  1371    28  3490 16819 19904      924096  Mon Aug 31 00:04:59 2009
M3G20090211T203852_V00_LOC.IMG   560   673  1214    39  3500 23343 26428      924164  Mon Aug 31 00:09:16 2009
M3G20090211T231038_V00_LOC.IMG   563   479  1057    51  3514  3479  6565      924296  Mon Aug 31 00:10:52 2009
M3G20090212T003453_V00_LOC.IMG   565   283   757    66  2063 23415 25204      536513  Mon Aug 31 00:13:24 2009
M3G20090212T011737_V00_LOC.IMG   566   468   897  2038  3529     1  1297      387925  Mon Aug 31 00:13:42 2009
M3G20090212T024412_V00_LOC.IMG   568    90   739    83  3545 16781 19869      924834  Mon Aug 31 00:15:07 2009
M3G20090212T044205_V00_LOC.IMG   571     2   580   102  3552 16895 19983      602719  Mon Aug 31 00:17:45 2009
M3G20090212T064032_V00_LOC.IMG   573    16   421   255  3552 16795 19758       44576  Mon Aug 31 00:19:34 2009
