M3G20090131T051413_V00_LOC.IMG   252   141   476     1  3447 14323 17430      931155  Sun Aug 30 17:26:53 2009
M3G20090131T091031_V00_LOC.IMG   254     1    23     1  3447 14222 17329       29424  Sun Aug 30 17:30:12 2009
M3G20090212T115512_V00_LOC.IMG   580  4189  4253  1710  2028     1   283       17546  Mon Aug 31 00:25:01 2009
M3G20090212T135312_V00_LOC.IMG   582  3963  4254  1751  2070     1   283       81567  Mon Aug 31 00:28:23 2009
M3G20090212T155112_V00_LOC.IMG   584  3733  4036  1791  2110     1   283       84900  Mon Aug 31 00:30:36 2009
M3G20090212T174912_V00_LOC.IMG   587  3504  3806  1849  2163     1   278       83400  Mon Aug 31 00:32:51 2009
M3G20090212T194713_V00_LOC.IMG   590  3276  3578  1890  2203     1   278       83400  Mon Aug 31 00:34:41 2009
M3G20090212T214512_V00_LOC.IMG   593  3048  3349  1930  2250     1   283       84900  Mon Aug 31 00:36:32 2009
M3G20090212T234332_V00_LOC.IMG   596  2820  3120  1754  2074     1   283       84900  Mon Aug 31 00:38:24 2009
M3G20090213T014132_V00_LOC.IMG   598  2593  2891  1756  2075     1   282       84600  Mon Aug 31 00:40:17 2009
M3G20090213T033912_V00_LOC.IMG   600  2364  2659  2022  2339     1   282       84600  Mon Aug 31 00:42:05 2009
M3G20090213T053713_V00_LOC.IMG   602  2133  2429  2067  2386     1   283       84900  Mon Aug 31 00:43:59 2009
M3G20090213T073533_V00_LOC.IMG   604  1904  2199  1895  2215     1   283       84900  Mon Aug 31 00:45:51 2009
M3G20090213T093333_V00_LOC.IMG   606  1674  1967  1950  2263     1   277       83100  Mon Aug 31 00:47:44 2009
M3G20090213T113133_V00_LOC.IMG   608  1445  1736  1998  2310     1   277       83100  Mon Aug 31 00:49:34 2009
M3G20090213T132932_V00_LOC.IMG   610  1215  1504  2044  2364     1   283       84900  Mon Aug 31 00:51:27 2009
M3G20090213T152733_V00_LOC.IMG   612   985  1272  2089  2408     1   283       84900  Mon Aug 31 00:53:18 2009
M3G20090213T172533_V00_LOC.IMG   614   755  1040  2132  2450     1   282       84600  Mon Aug 31 00:54:45 2009
M3G20090213T192333_V00_LOC.IMG   616   525   809  2178  2491     1   275       82500  Mon Aug 31 00:56:38 2009
M3G20090213T212133_V00_LOC.IMG   618   295   578  2214  2527     1   278       83400  Mon Aug 31 00:58:35 2009
M3G20090213T231933_V00_LOC.IMG   621    64   346  2249  2563     1   278       83400  Mon Aug 31 01:00:32 2009
M3G20090214T011732_V00_LOC.IMG   624     1   115  2282  2600     1   283       34214  Mon Aug 31 01:05:18 2009
