M3G20090211T171539_V00_LOC.IMG   555  3963  4391   255  1864  7020  8471       62021  Mon Aug 31 00:03:36 2009
M3G20090211T185152_V00_LOC.IMG   557  3431  4392   219  3616 19899 22974      569801  Mon Aug 31 00:05:21 2009
M3G20090211T203852_V00_LOC.IMG   560  3727  4335   186  1763 26423 27794      411070  Mon Aug 31 00:09:21 2009
M3G20090211T231038_V00_LOC.IMG   563  3239  4183   156  3598  6560  9637      921565  Mon Aug 31 00:11:06 2009
M3G20090212T011737_V00_LOC.IMG   566  3441  4026   128  1840  1292  2786      447875  Mon Aug 31 00:13:46 2009
M3G20090212T024412_V00_LOC.IMG   568  3036  3871   104  3557 19864 22943      922009  Mon Aug 31 00:15:17 2009
M3G20090212T044205_V00_LOC.IMG   571  3197  3714    81  1699 19978 21387      422413  Mon Aug 31 00:18:07 2009
M3G20090212T064032_V00_LOC.IMG   573  2836  3557    62  3523 19753 22833      922219  Mon Aug 31 00:19:57 2009
M3G20090212T082712_V00_LOC.IMG   576  2921  3400    46  1778 26477 27992      454394  Mon Aug 31 00:22:43 2009
M3G20090212T104932_V00_LOC.IMG   579  2635  3241    31  3495 12171 15252      922580  Mon Aug 31 00:24:30 2009
M3G20090212T122313_V00_LOC.IMG   581  2665  3083    20  1659 26555 27992      430905  Mon Aug 31 00:28:05 2009
M3G20090212T143253_V00_LOC.IMG   583  2434  2926    11  3474 19713 22796      923101  Mon Aug 31 00:29:53 2009
M3G20090212T162141_V00_LOC.IMG   586  2396  2768     5  1763 25182 26731      464529  Mon Aug 31 00:32:37 2009
M3G20090212T184721_V00_LOC.IMG   589  2232  2609     2  3460  8908 11992      923445  Mon Aug 31 00:34:15 2009
M3G20090212T203719_V00_LOC.IMG   592  2137  2451     1  1662 13687 15155      440129  Mon Aug 31 00:36:25 2009
M3G20090212T222453_V00_LOC.IMG   594  1980  2315     1  3454 19882 22967      923834  Mon Aug 31 00:37:51 2009
M3G20090213T001153_V00_LOC.IMG   597  1816  2167     2  1837 26370 27992      486476  Mon Aug 31 00:40:03 2009
M3G20090213T022112_V00_LOC.IMG   599  1657  2107     4  3463 19732 22819      924163  Mon Aug 31 00:41:37 2009
M3G20090213T040732_V00_LOC.IMG   601  1498  1893     9  1540 26652 27996      402860  Mon Aug 31 00:43:45 2009
M3G20090213T061652_V00_LOC.IMG   603  1339  1905    18  3479 20013 23101      924569  Mon Aug 31 00:45:22 2009
M3G20090213T080353_V00_LOC.IMG   605  1179  1636    28  1682 26541 27991      434753  Mon Aug 31 00:47:30 2009
M3G20090213T101313_V00_LOC.IMG   607  1018  1702    42  3503 19901 22990      924939  Mon Aug 31 00:49:06 2009
M3G20090213T115953_V00_LOC.IMG   609   857  1356    59  1623 26626 27992      409617  Mon Aug 31 00:51:14 2009
M3G20090213T140913_V00_LOC.IMG   611   696  1496    78  3535 19986 23075      925239  Mon Aug 31 00:52:50 2009
M3G20090213T180532_V00_LOC.IMG   615   374  1289   126  3574 19875 22965      925431  Mon Aug 31 00:56:11 2009
M3G20090213T195213_V00_LOC.IMG   617   214   818   153  1751 26599 27992      417790  Mon Aug 31 00:58:22 2009
M3G20090213T221852_V00_LOC.IMG   620    53  1084   184  3615  9742 12831      920196  Mon Aug 31 01:00:06 2009
M3G20090214T000903_V00_LOC.IMG   623     2   529   217  1700 14399 15708      253644  Mon Aug 31 01:05:07 2009
M3G20090214T020800_V00_LOC.IMG   626     2   880   253  3616 13878 16963      162541  Mon Aug 31 01:11:59 2009
