M3G20090212T122313_V00_LOC.IMG   581  4052  4254     1  3447 14145 17266      546809  Mon Aug 31 00:26:44 2009
M3G20090212T143253_V00_LOC.IMG   583  3824  4168     1  3447  7301 10424      935685  Mon Aug 31 00:29:13 2009
M3G20090212T162141_V00_LOC.IMG   586  3595  3940     1  3447 12766 15890      935763  Mon Aug 31 00:32:05 2009
M3G20090212T182852_V00_LOC.IMG   588  3366  3711     1  3447  7384 10509      936108  Mon Aug 31 00:33:28 2009
M3G20090212T203719_V00_LOC.IMG   592  3136  3483     1  3447  1264  4389      936342  Mon Aug 31 00:35:56 2009
M3G20090212T222453_V00_LOC.IMG   594  2906  3254     1  3447  7455 10581      936618  Mon Aug 31 00:37:17 2009
M3G20090213T001153_V00_LOC.IMG   597  2683  3032     1  3447 13940 17067      936841  Mon Aug 31 00:39:32 2009
M3G20090213T022112_V00_LOC.IMG   599  2452  2803     1  3447  7301 10429      937046  Mon Aug 31 00:41:02 2009
M3G20090213T040732_V00_LOC.IMG   601  2223  2573     1  3447 14217 17346      937242  Mon Aug 31 00:43:15 2009
M3G20090213T061652_V00_LOC.IMG   603  1993  2343     1  3447  7576 10705      937368  Mon Aug 31 00:44:46 2009
M3G20090213T080353_V00_LOC.IMG   605  1763  2113     1  3447 14101 17231      937596  Mon Aug 31 00:46:59 2009
M3G20090213T101313_V00_LOC.IMG   607  1533  1882     1  3447  7459 10589      937688  Mon Aug 31 00:48:31 2009
M3G20090213T115953_V00_LOC.IMG   609  1304  1653     1  3447 14181 17311      937859  Mon Aug 31 00:50:42 2009
M3G20090213T140913_V00_LOC.IMG   611  1075  1424     1  3447  7538 10669      938018  Mon Aug 31 00:52:14 2009
M3G20090213T155552_V00_LOC.IMG   613   846  1194     1  3447 14264 17395      938158  Mon Aug 31 00:54:23 2009
M3G20090213T180532_V00_LOC.IMG   615   616   964     1  3447  7423 10556      938381  Mon Aug 31 00:55:34 2009
M3G20090213T195213_V00_LOC.IMG   617   386   735     1  3447 14144 17277      938681  Mon Aug 31 00:57:49 2009
M3G20090213T220133_V00_LOC.IMG   619   156   507     1  2996  7501 10215      814138  Mon Aug 31 00:59:11 2009
M3G20090213T221852_V00_LOC.IMG   620   161   489  2992  3447     1   419      124599  Mon Aug 31 00:59:25 2009
M3G20090214T000903_V00_LOC.IMG   623     1   278     1  3447  1939  5075      741984  Mon Aug 31 01:03:08 2009
M3G20090214T020800_V00_LOC.IMG   626     1    49     1  3447  1414  4549       97472  Mon Aug 31 01:09:39 2009
