M3G20090125T000345_V00_LOC.IMG   242   655  1044     1  3447  2730  5849      934218  Sun Aug 30 17:11:06 2009
M3G20090206T102110_V00_LOC.IMG   400  4064  4254   616   942     1   283       50613  Sun Aug 30 19:24:28 2009
M3G20090206T121910_V00_LOC.IMG   402  3831  4149   649   974     1   283       84900  Sun Aug 30 19:27:11 2009
M3G20090206T141711_V00_LOC.IMG   404  3598  3914   687  1007     1   278       83400  Sun Aug 30 19:29:58 2009
M3G20090206T161511_V00_LOC.IMG   406  3363  3680   718  1037     1   278       83400  Sun Aug 30 19:32:23 2009
M3G20090206T181310_V00_LOC.IMG   408  3132  3448   747  1072     1   283       84900  Sun Aug 30 19:34:39 2009
M3G20090206T201110_V00_LOC.IMG   411  2898  3216   775  1100     1   283       84900  Sun Aug 30 19:37:01 2009
M3G20090206T220910_V00_LOC.IMG   413  2664  2985   803  1127     1   283       84900  Sun Aug 30 19:39:18 2009
M3G20090207T000651_V00_LOC.IMG   416  2439  2761  1050  1368     1   278       83400  Sun Aug 30 19:42:59 2009
M3G20090207T020451_V00_LOC.IMG   419  2207  2529  1073  1390     1   278       83400  Sun Aug 30 19:45:25 2009
M3G20090207T060050_V00_LOC.IMG   422  1743  2068  1116  1439     1   283       84900  Sun Aug 30 19:47:33 2009
M3G20090207T075850_V00_LOC.IMG   425  1513  1838  1138  1460     1   283       84900  Sun Aug 30 19:51:24 2009
M3G20090207T095651_V00_LOC.IMG   429  1283  1608  1163  1479     1   278       83400  Sun Aug 30 19:53:33 2009
M3G20090207T115451_V00_LOC.IMG   432  1052  1379  1183  1500     1   278       83400  Sun Aug 30 19:56:17 2009
M3G20090207T135251_V00_LOC.IMG   435   823  1150  1203  1520     1   278       83400  Sun Aug 30 19:59:26 2009
M3G20090207T155050_V00_LOC.IMG   438   594   922  1223  1545     1   283       84900  Sun Aug 30 20:01:25 2009
M3G20090207T174850_V00_LOC.IMG   442   365   695  1242  1564     1   283       84900  Sun Aug 30 20:05:03 2009
M3G20090207T194651_V00_LOC.IMG   445   140   468  1268  1584     1   278       83400  Sun Aug 30 20:06:50 2009
M3G20090207T214451_V00_LOC.IMG   449     1   240  1288  1599     1   278       61666  Sun Aug 30 20:10:56 2009
M3G20090207T234250_V00_LOC.IMG   452     1    13  1312  1625     1   283        2378  Sun Aug 30 20:15:21 2009
