M3G20090131T085011_V00_LOC.IMG   253   254   382   429   753     1   283       28866  Sun Aug 30 17:28:16 2009
M3G20090212T103632_V00_LOC.IMG   578  3921  3971     1   473  4305  4740        1332  Mon Aug 31 00:23:30 2009
M3G20090212T122313_V00_LOC.IMG   581  3727  4247     1  3454 11019 14148      551259  Mon Aug 31 00:26:19 2009
M3G20090212T143253_V00_LOC.IMG   583  3533  4162     6  3472  4174  7305      938059  Mon Aug 31 00:29:04 2009
M3G20090212T162141_V00_LOC.IMG   586  3340  3934    23  3487  9639 12770      938174  Mon Aug 31 00:31:56 2009
M3G20090212T182852_V00_LOC.IMG   588  3148  3707    37  3501  4256  7389      938431  Mon Aug 31 00:33:19 2009
M3G20090212T201532_V00_LOC.IMG   591  2953  3402    50  2099 10972 12836      559094  Mon Aug 31 00:35:28 2009
M3G20090212T203719_V00_LOC.IMG   592  3061  3479  2082  3512     1  1268      379251  Mon Aug 31 00:35:48 2009
M3G20090212T222453_V00_LOC.IMG   594  2758  3251    61  3522  4325  7459      938909  Mon Aug 31 00:37:09 2009
M3G20090213T001153_V00_LOC.IMG   597  2571  3029    69  3528 10810 13945      939072  Mon Aug 31 00:39:23 2009
M3G20090213T022112_V00_LOC.IMG   599  2375  2800    76  3533  4171  7306      939197  Mon Aug 31 00:40:54 2009
M3G20090213T040732_V00_LOC.IMG   601  2180  2570    81  3535 11087 14222      939088  Mon Aug 31 00:43:06 2009
M3G20090213T061652_V00_LOC.IMG   603  1984  2340    84  3535  4444  7580      939544  Mon Aug 31 00:44:37 2009
M3G20090213T080353_V00_LOC.IMG   605  1760  2134    82  3535 10969 14106      939653  Mon Aug 31 00:46:51 2009
M3G20090213T101313_V00_LOC.IMG   607  1530  1940    78  3534  4326  7463      939822  Mon Aug 31 00:48:22 2009
M3G20090213T115953_V00_LOC.IMG   609  1301  1745    72  3530 11048 14185      939886  Mon Aug 31 00:50:34 2009
M3G20090213T140913_V00_LOC.IMG   611  1072  1551    64  3524  4405  7543      939951  Mon Aug 31 00:52:05 2009
M3G20090213T155552_V00_LOC.IMG   613   844  1356    54  3516 11130 14268      940109  Mon Aug 31 00:54:15 2009
M3G20090213T180532_V00_LOC.IMG   615   614  1161    42  3505  4289  7427      940305  Mon Aug 31 00:55:25 2009
M3G20090213T195213_V00_LOC.IMG   617   385   969    27  3492 11009 14148      940597  Mon Aug 31 00:57:41 2009
M3G20090213T220133_V00_LOC.IMG   619   156   776    12  3478  4364  7505      941049  Mon Aug 31 00:59:04 2009
M3G20090213T234813_V00_LOC.IMG   622   201   584     1  1316 11083 12282      277997  Mon Aug 31 01:02:01 2009
M3G20090214T000903_V00_LOC.IMG   623     2   469  1299  3460     1  1943      456372  Mon Aug 31 01:02:35 2009
M3G20090214T013412_V00_LOC.IMG   625   148   392     1  1874 18203 19929       94384  Mon Aug 31 01:08:28 2009
M3G20090214T020800_V00_LOC.IMG   626     2   204  1874  3441     1  1416       62560  Mon Aug 31 01:09:05 2009
