M3G20090201T203612_V00_LOC.IMG   281  4114  4254     1  3447 14025 17142      364186  Sun Aug 30 17:57:46 2009
M3G20090201T224531_V00_LOC.IMG   283  3889  4249     1  3447  7400 10517      934085  Sun Aug 30 18:00:40 2009
M3G20090202T003211_V00_LOC.IMG   285  3685  4026     1   354 14128 14440       93424  Sun Aug 30 18:03:21 2009
M3G20090202T005641_V00_LOC.IMG   286  3665  4022   351  3447     1  2805      840381  Sun Aug 30 18:03:41 2009
M3G20090202T024131_V00_LOC.IMG   288  3440  3800     1  3447  7498 10616      934020  Sun Aug 30 18:05:00 2009
M3G20090202T042831_V00_LOC.IMG   291  3214  3575     1  3447 14034 17151      933935  Sun Aug 30 18:07:28 2009
M3G20090202T064453_V00_LOC.IMG   294  2988  3351     1  3447  3256  6373      933821  Sun Aug 30 18:08:59 2009
M3G20090202T083314_V00_LOC.IMG   297  2762  3127     1  3447  8987 12104      933697  Sun Aug 30 18:11:06 2009
M3G20090202T103351_V00_LOC.IMG   300  2536  2903     1  3447  7491 10607      933605  Sun Aug 30 18:12:31 2009
M3G20090202T123639_V00_LOC.IMG   304  2309  2678     1  3447  4704  7820      933462  Sun Aug 30 18:14:53 2009
M3G20090202T142951_V00_LOC.IMG   306  2082  2452     1  3447  7570 10685      933324  Sun Aug 30 18:16:23 2009
M3G20090202T161651_V00_LOC.IMG   309  1857  2229     1  3447 14094 17210      933374  Sun Aug 30 18:19:37 2009
M3G20090202T182612_V00_LOC.IMG   312  1631  2004     1  3447  7448 10563      933366  Sun Aug 30 18:21:10 2009
M3G20090202T201251_V00_LOC.IMG   315  1404  1780     1  3447 14174 17291      933477  Sun Aug 30 18:24:02 2009
M3G20090203T041059_V00_LOC.IMG   318   495   881     1  3447 10699 13816      933620  Sun Aug 30 18:26:12 2009
M3G20090203T061431_V00_LOC.IMG   320   267   656     1  3447  7466 10583      933600  Sun Aug 30 18:27:53 2009
M3G20090203T080104_V00_LOC.IMG   322    39   430     1  3447 14255 17372      933549  Sun Aug 30 18:30:46 2009
