M3G20090203T080104_V00_LOC.IMG   322  4224  4254  2015  3447 19208 20486       16592  Sun Aug 30 18:30:54 2009
M3G20090203T135512_V00_LOC.IMG   325  3538  3933     1  3447 17380 20498      933686  Sun Aug 30 18:33:38 2009
M3G20090203T160452_V00_LOC.IMG   328  3308  3704     1  3447 10533 13650      933414  Sun Aug 30 18:35:03 2009
M3G20090203T175131_V00_LOC.IMG   331  3079  3474     1  3447 17252 20368      933088  Sun Aug 30 18:37:31 2009
M3G20090203T200051_V00_LOC.IMG   334  2849  3243     1  3447 10602 13717      932751  Sun Aug 30 18:38:29 2009
M3G20090204T094731_V00_LOC.IMG   337  1237  1629     1  3447 10428 13536      930599  Sun Aug 30 18:40:24 2009
M3G20090204T113444_V00_LOC.IMG   340  1013  1400     1  3270 16811 19756      883188  Sun Aug 30 18:43:01 2009
M3G20090204T120815_V00_LOC.IMG   341  1008  1329  3264  3447     1   161       46864  Sun Aug 30 18:43:12 2009
M3G20090204T134332_V00_LOC.IMG   343   778  1170     1  3447 10483 13589      930103  Sun Aug 30 18:44:30 2009
M3G20090204T152951_V00_LOC.IMG   346   549   939     1  3447 17390 20495      929898  Sun Aug 30 18:47:33 2009
M3G20090204T173931_V00_LOC.IMG   349   320   710     1  3447 10538 13643      929728  Sun Aug 30 18:49:03 2009
M3G20090204T192552_V00_LOC.IMG   351   142   480     1  1265 17442 18593      345024  Sun Aug 30 18:52:23 2009
M3G20090204T235142_V00_LOC.IMG   355     1    17   104   858     1   687        5504  Sun Aug 30 18:54:02 2009
