M3G20090207T221151_V00_LOC.IMG   450  4033  4254     1  3447 17541 20625      556477  Sun Aug 30 20:13:50 2009
M3G20090208T001912_V00_LOC.IMG   454  3816  4182     1  3447 12033 15117      923435  Sun Aug 30 20:19:04 2009
M3G20090208T021836_V00_LOC.IMG   457  3590  3955     1  3447 11230 14314      923448  Sun Aug 30 20:22:42 2009
M3G20090208T061844_V00_LOC.IMG   460  3137  3501     1  3447  8829 11914      923680  Sun Aug 30 20:25:34 2009
M3G20090208T080838_V00_LOC.IMG   463  2910  3277     1  3447 13623 16709      923953  Sun Aug 30 20:28:53 2009
M3G20090208T101739_V00_LOC.IMG   466  2684  3048     1  3447  7151 10237      924100  Sun Aug 30 20:32:11 2009
M3G20090208T121842_V00_LOC.IMG   469  2458  2821     1  3447  5376  8463      924272  Sun Aug 30 20:35:16 2009
M3G20090208T135610_V00_LOC.IMG   471  2235  2595     1  3294 17498 20446      884169  Sun Aug 30 20:39:34 2009
M3G20090208T143051_V00_LOC.IMG   472  2232  2541  3290  3447     1   137       39742  Sun Aug 30 20:39:47 2009
M3G20090208T160125_V00_LOC.IMG   475  2008  2368     1  3447 13244 16332      924693  Sun Aug 30 20:43:50 2009
M3G20090208T175211_V00_LOC.IMG   477  1781  2142     1  3447 17536 20625      924882  Sun Aug 30 20:46:50 2009
M3G20090208T201331_V00_LOC.IMG   481  1555  1915     1  3447  3785  6873      924701  Sun Aug 30 20:49:44 2009
M3G20090208T214811_V00_LOC.IMG   484  1328  1688     1  3447 17569 20659      925263  Sun Aug 30 20:52:18 2009
M3G20090209T000934_V00_LOC.IMG   488  1098  1460     1  3447  3805  6896      925548  Sun Aug 30 20:55:08 2009
M3G20090209T014431_V00_LOC.IMG   491   871  1232     1  3447 17418 20509      925682  Sun Aug 30 20:57:34 2009
M3G20090209T033051_V00_LOC.IMG   494   645  1004     1  3447 24314 27406      925843  Sun Aug 30 21:00:20 2009
M3G20090209T054031_V00_LOC.IMG   497   418   776     1  3447 17454 20546      925962  Sun Aug 30 21:03:08 2009
