M3G20090202T103351_V00_LOC.IMG   300  3577  3613  3490  3616 22936 23054         371  Sun Aug 30 18:13:00 2009
M3G20090202T123639_V00_LOC.IMG   304  3927  4391   258  1923 17157 18679       61921  Sun Aug 30 18:15:26 2009
M3G20090202T142951_V00_LOC.IMG   306  3367  4391   222  3616 20016 23136      584129  Sun Aug 30 18:17:04 2009
M3G20090202T165932_V00_LOC.IMG   310  3684  4380   188  1835  1378  2827      434497  Sun Aug 30 18:20:19 2009
M3G20090202T182612_V00_LOC.IMG   312  3163  4222   157  3592 19900 23019      933097  Sun Aug 30 18:21:52 2009
M3G20090202T201251_V00_LOC.IMG   315  3391  4063   129  1906 26625 28194      470300  Sun Aug 30 18:24:36 2009
M3G20090203T041059_V00_LOC.IMG   318  2845  3414    44  1877 23153 24777      486775  Sun Aug 30 18:26:55 2009
M3G20090203T061431_V00_LOC.IMG   320  2525  3252    29  3486 19920 23041      933394  Sun Aug 30 18:28:35 2009
M3G20090203T084457_V00_LOC.IMG   323  2587  3089    18  1772   824  2379      466182  Sun Aug 30 18:31:53 2009
M3G20090203T135512_V00_LOC.IMG   325  2218  2601     2  1016 26716 27613      268663  Sun Aug 30 18:34:01 2009
M3G20090203T144202_V00_LOC.IMG   326  2189  2547  1004  1655     1   573      171900  Sun Aug 30 18:34:12 2009
M3G20090203T163629_V00_LOC.IMG   329  2001  2438     1  3455  1217  4336      932538  Sun Aug 30 18:35:44 2009
M3G20090203T202923_V00_LOC.IMG   335  1780  2111     2  3465  3103  6218      931426  Sun Aug 30 18:39:08 2009
M3G20090204T094731_V00_LOC.IMG   337   653  1372    83  3558 19720 22821      927058  Sun Aug 30 18:40:53 2009
M3G20090204T120815_V00_LOC.IMG   341   496  1015   105  1680  6344  7715      410741  Sun Aug 30 18:43:32 2009
M3G20090204T134332_V00_LOC.IMG   343   341  1173   130  3600 19769 22868      926272  Sun Aug 30 18:45:01 2009
M3G20090204T161017_V00_LOC.IMG   347   188   745   157  1683  2837  4160      396466  Sun Aug 30 18:48:04 2009
M3G20090204T173931_V00_LOC.IMG   349    35   979   187  3616 19820 22906      775325  Sun Aug 30 18:49:50 2009
