M3G20090204T235142_V00_LOC.IMG   355  3479  4213    81  3535  6094  9190      926495  Sun Aug 30 18:54:39 2009
M3G20090205T013151_V00_LOC.IMG   357  3583  4021    64  1271 16651 17729      322993  Sun Aug 30 18:56:16 2009
M3G20090205T060017_V00_LOC.IMG   358  3004  3387  2689  3494     1   693      205819  Sun Aug 30 18:56:28 2009
M3G20090205T074030_V00_LOC.IMG   361  2846  3439    26  3483  8118 11213      926160  Sun Aug 30 18:59:32 2009
M3G20090205T094623_V00_LOC.IMG   364  2687  3244    18  3474  3497  6592      926166  Sun Aug 30 19:00:55 2009
M3G20090205T113340_V00_LOC.IMG   367  2527  3048    10  3466  9857 12952      926023  Sun Aug 30 19:03:54 2009
M3G20090205T133443_V00_LOC.IMG   370  2368  2853     5  3461  8101 11195      925937  Sun Aug 30 19:05:17 2009
M3G20090205T153710_V00_LOC.IMG   373  2208  2658     2  3456  5520  8613      925857  Sun Aug 30 19:07:43 2009
M3G20090205T171614_V00_LOC.IMG   375  2149  2461     1   244 16724 16942       65227  Sun Aug 30 19:08:48 2009
M3G20090205T174458_V00_LOC.IMG   376  2047  2454   238  3454     1  2873      859877  Sun Aug 30 19:09:07 2009
M3G20090205T193313_V00_LOC.IMG   379  1884  2263     1  3455  5569  8662      925675  Sun Aug 30 19:11:10 2009
M3G20090205T211213_V00_LOC.IMG   381  1720  2065     2  3459 16804 19897      925561  Sun Aug 30 19:12:24 2009
M3G20090205T233034_V00_LOC.IMG   385  1556  1868     4  3464  4843  7936      925488  Sun Aug 30 19:14:38 2009
M3G20090206T010833_V00_LOC.IMG   387  1352  1692     8  3471 16685 19777      925459  Sun Aug 30 19:15:58 2009
M3G20090206T030351_V00_LOC.IMG   390  1152  1528    15  3480 18317 21406      924644  Sun Aug 30 19:18:07 2009
M3G20090206T050647_V00_LOC.IMG   393   953  1362    23  3491 15449 18540      925014  Sun Aug 30 19:19:30 2009
M3G20090206T065053_V00_LOC.IMG   396   754  1196    33  3503 23681 26770      924458  Sun Aug 30 19:21:51 2009
M3G20090206T092112_V00_LOC.IMG   399   556  1030    46  3517  4666  7755      924411  Sun Aug 30 19:24:19 2009
M3G20090206T105850_V00_LOC.IMG   401   359   864    60  3532 16709 19796      924131  Sun Aug 30 19:26:17 2009
M3G20090206T124510_V00_LOC.IMG   403   158   700    78  3550 23624 26711      923705  Sun Aug 30 19:29:45 2009
M3G20090206T145451_V00_LOC.IMG   405     1   536    96  3551 16780 19859      634056  Sun Aug 30 19:31:30 2009
M3G20090206T164110_V00_LOC.IMG   407     2   296   116  2756 23696 26073       67260  Sun Aug 30 19:34:26 2009
