M3G20090201T203612_V00_LOC.IMG   281  3747  4247    85  3535 20254 23374      489939  Sun Aug 30 17:58:47 2009
M3G20090201T224531_V00_LOC.IMG   283  3555  4194    67  3530 13629 16749      934607  Sun Aug 30 18:00:59 2009
M3G20090202T005641_V00_LOC.IMG   286  3358  3966    51  3513  5916  9035      934444  Sun Aug 30 18:03:59 2009
M3G20090202T024131_V00_LOC.IMG   288  3164  3740    36  3499 13726 16845      934261  Sun Aug 30 18:05:19 2009
M3G20090202T042831_V00_LOC.IMG   291  2970  3515    25  3486 20261 23379      934098  Sun Aug 30 18:07:46 2009
M3G20090202T064453_V00_LOC.IMG   294  2774  3288    16  3475  9483 12600      933879  Sun Aug 30 18:09:17 2009
M3G20090202T083314_V00_LOC.IMG   297  2651  3059     9  1760 15212 16772      467642  Sun Aug 30 18:11:19 2009
M3G20090202T090141_V00_LOC.IMG   298  2579  2977  1750  3466     1  1556      465476  Sun Aug 30 18:11:32 2009
M3G20090202T103351_V00_LOC.IMG   300  2385  2831     4  3460 13716 16833      933747  Sun Aug 30 18:12:48 2009
M3G20090202T123639_V00_LOC.IMG   304  2190  2603     1  3455 10928 14045      933770  Sun Aug 30 18:15:10 2009
M3G20090202T142951_V00_LOC.IMG   306  1994  2375     1  3452 13793 16911      933787  Sun Aug 30 18:16:41 2009
M3G20090202T161651_V00_LOC.IMG   309  1800  2148     1  3454 20318 23436      933952  Sun Aug 30 18:19:55 2009
M3G20090202T182612_V00_LOC.IMG   312  1575  1922     2  3458 13672 16793      934841  Sun Aug 30 18:21:28 2009
M3G20090202T201251_V00_LOC.IMG   315  1347  1725     5  3464 20399 23518      934162  Sun Aug 30 18:24:20 2009
M3G20090203T041059_V00_LOC.IMG   318   430   939    41  3509 16925 20046      934464  Sun Aug 30 18:26:30 2009
M3G20090203T061431_V00_LOC.IMG   320   201   742    56  3525 13692 16812      934392  Sun Aug 30 18:28:11 2009
M3G20090203T080104_V00_LOC.IMG   322     2   545    73  3534 20480 23597      759299  Sun Aug 30 18:31:29 2009
