M3G20090131T091031_V00_LOC.IMG   254  3936  4254     1  3447 14219 17329      902480  Sun Aug 30 17:30:05 2009
M3G20090131T112714_V00_LOC.IMG   257  3707  4048     1  3447  3233  6344      932236  Sun Aug 30 17:32:57 2009
M3G20090131T130631_V00_LOC.IMG   259  3479  3822     1  3447 14302 17415      932602  Sun Aug 30 17:35:48 2009
M3G20090131T151551_V00_LOC.IMG   262  3250  3595     1  3447  7643 10757      932968  Sun Aug 30 17:37:24 2009
M3G20090201T064933_V00_LOC.IMG   264  1436  1793     1  3447 14005 17123      934158  Sun Aug 30 17:40:26 2009
M3G20090201T085853_V00_LOC.IMG   266  1211  1569     1  3447  7426 10544      934168  Sun Aug 30 17:42:12 2009
M3G20090201T104533_V00_LOC.IMG   269   986  1344     1  3447 14154 17272      934208  Sun Aug 30 17:45:45 2009
M3G20090201T125453_V00_LOC.IMG   271   761  1120     1  3447  7520 10638      934206  Sun Aug 30 17:47:19 2009
M3G20090201T150434_V00_LOC.IMG   274   536   896     1  3447   683  3800      934189  Sun Aug 30 17:50:59 2009
M3G20090201T165935_V00_LOC.IMG   276   311   671     1  3447  2492  5610      934159  Sun Aug 30 17:52:54 2009
M3G20090201T190019_V00_LOC.IMG   279    87   446     1  3447   925  4043      934137  Sun Aug 30 17:54:21 2009
M3G20090201T203612_V00_LOC.IMG   281     1   222     1  3447 14025 17142      569886  Sun Aug 30 17:57:55 2009
M3G20090214T011732_V00_LOC.IMG   624  4085  4254  2281  2600     1   283       50686  Mon Aug 31 01:05:16 2009
M3G20090214T031533_V00_LOC.IMG   627  3854  4136  2313  2631     1   282       84600  Mon Aug 31 01:12:41 2009
M3G20090214T051333_V00_LOC.IMG   629  3623  3903  2342  2661     1   283       84900  Mon Aug 31 01:16:01 2009
M3G20090214T071113_V00_LOC.IMG   631  3393  3672  2596  2909     1   278       83400  Mon Aug 31 01:18:07 2009
M3G20090214T090913_V00_LOC.IMG   634  3162  3440  2629  2941     1   277       83100  Mon Aug 31 01:20:18 2009
