M3G20090206T145451_V00_LOC.IMG   405  3792  4323   118  3551 16785 19865      289277  Sun Aug 30 19:31:22 2009
M3G20090206T164110_V00_LOC.IMG   407  3630  4324    97  3550 23696 26779      855630  Sun Aug 30 19:34:20 2009
M3G20090206T185403_V00_LOC.IMG   410  3467  4182    79  3532 14950 18033      922429  Sun Aug 30 19:36:09 2009
M3G20090206T203710_V00_LOC.IMG   412  3303  3984    62  3517 23757 26838      921972  Sun Aug 30 19:39:04 2009
M3G20090206T225721_V00_LOC.IMG   415  3141  3786    48  3503 10708 13786      921408  Sun Aug 30 19:41:53 2009
M3G20090207T003331_V00_LOC.IMG   417  2990  3597    36  3491 23616 26693      920931  Sun Aug 30 19:45:02 2009
M3G20090207T044515_V00_LOC.IMG   421  2667  3202    16  3472 14395 17468      919725  Sun Aug 30 19:47:21 2009
M3G20090207T065039_V00_LOC.IMG   424  2508  3004    10  3465 10056 13126      918983  Sun Aug 30 19:50:28 2009
M3G20090207T083836_V00_LOC.IMG   427  2446  2807     5  1568 16009 17408      419427  Sun Aug 30 19:53:14 2009
M3G20090207T090807_V00_LOC.IMG   428  2349  2727  1558  3459     1  1668      498618  Sun Aug 30 19:53:25 2009
M3G20090207T101751_V00_LOC.IMG   431  2188  2611     2  3455 27082 30150      918321  Sun Aug 30 19:56:01 2009
M3G20090207T124241_V00_LOC.IMG   434  2028  2417     1  3453 11288 14355      917859  Sun Aug 30 19:58:33 2009
M3G20090207T142313_V00_LOC.IMG   437  1868  2222     1  3455 21612 24678      917620  Sun Aug 30 20:01:11 2009
M3G20090207T165529_V00_LOC.IMG   441  1709  2028     2  3459  1425  4490      917326  Sun Aug 30 20:04:08 2009
M3G20090207T183846_V00_LOC.IMG   444  1551  1834     5  3464 10127 13192      917262  Sun Aug 30 20:06:40 2009
M3G20090207T204327_V00_LOC.IMG   447  1362  1676     9  3471  6203  9267      917175  Sun Aug 30 20:09:49 2009
M3G20090207T221151_V00_LOC.IMG   450  1170  1508    15  2929 23686 26272      775544  Sun Aug 30 20:14:57 2009
M3G20090207T225624_V00_LOC.IMG   451  1227  1519  2923  3479     1   477      141251  Sun Aug 30 20:15:09 2009
M3G20090208T001912_V00_LOC.IMG   454   996  1388    22  3487 18177 21240      916942  Sun Aug 30 20:19:38 2009
M3G20090208T021836_V00_LOC.IMG   457   805  1232    32  3498 17374 20437      916954  Sun Aug 30 20:23:00 2009
M3G20090208T061844_V00_LOC.IMG   460   426   921    57  3525 14975 18039      917188  Sun Aug 30 20:25:50 2009
M3G20090208T080838_V00_LOC.IMG   463   235   767    73  3541 19771 22835      917349  Sun Aug 30 20:29:19 2009
M3G20090208T101739_V00_LOC.IMG   466    44   612    89  3551 13301 16362      868542  Sun Aug 30 20:32:38 2009
M3G20090208T121842_V00_LOC.IMG   469     2   457   108  3551 11526 14587      332832  Sun Aug 30 20:35:48 2009
