M3G20090209T212512_V00_LOC.IMG   502  2983  3816    60  3527  4840  7961      935279  Sun Aug 30 21:11:24 2009
M3G20090209T233432_V00_LOC.IMG   504  3129  3656  2033  3548     1  1325      396374  Sun Aug 30 21:18:06 2009
M3G20090210T012132_V00_LOC.IMG   506  2752  3475   100  3568  4684  7804      935148  Sun Aug 30 21:27:39 2009
M3G20090210T033052_V00_LOC.IMG   509  2850  3313  2256  3583     1  1159      347052  Sun Aug 30 21:35:13 2009
M3G20090210T051732_V00_LOC.IMG   512  2534  3148   128  3595  4749  7869      935162  Sun Aug 30 21:48:12 2009
M3G20090210T072652_V00_LOC.IMG   515  2561  2986  2218  3604     1  1221      365478  Sun Aug 30 21:56:47 2009
M3G20090210T112252_V00_LOC.IMG   520  2279  2662  2160  3615     1  1291      386385  Sun Aug 30 22:12:29 2009
M3G20090210T132052_V00_LOC.IMG   523  2141  2500  2127  3616     1  1326      397158  Sun Aug 30 22:23:36 2009
M3G20090210T151912_V00_LOC.IMG   525  1995  2342  2305  3616     1  1168      349622  Sun Aug 30 22:28:33 2009
M3G20090210T171205_V00_LOC.IMG   527  1833  2246   159  3616  1112  4231      935003  Sun Aug 30 22:40:01 2009
M3G20090210T191512_V00_LOC.IMG   529  1672  2065  2204  3614     1  1249      373844  Sun Aug 30 22:48:33 2009
M3G20090210T210152_V00_LOC.IMG   531  1510  2036   145  3609  4850  7970      935104  Sun Aug 30 23:01:55 2009
M3G20090210T231132_V00_LOC.IMG   533  1349  1780  2314  3602     1  1131      338417  Sun Aug 30 23:10:16 2009
M3G20090211T005812_V00_LOC.IMG   536  1187  1828   124  3591  4722  7843      935534  Sun Aug 30 23:23:32 2009
M3G20090211T030732_V00_LOC.IMG   539  1028  1509  2204  3578     1  1203      360086  Sun Aug 30 23:32:22 2009
M3G20090211T045412_V00_LOC.IMG   544   869  1624    96  3563  4801  7923      935865  Sun Aug 30 23:42:39 2009
M3G20090211T070332_V00_LOC.IMG   547   710  1248  2084  3545     1  1277      382255  Sun Aug 30 23:49:37 2009
M3G20090211T085804_V00_LOC.IMG   550   552  1424    62  3524   236  3360      936430  Sun Aug 30 23:58:30 2009
M3G20090211T105952_V00_LOC.IMG   552   395   955  2174  3501     1  1151      344405  Mon Aug 31 00:00:59 2009
M3G20090211T185152_V00_LOC.IMG   557     1   443  1969  3379     1  1282      119947  Mon Aug 31 00:03:58 2009
M3G20090211T203852_V00_LOC.IMG   560   636   824     1   725  4671  5355        4635  Mon Aug 31 00:07:13 2009
