M3G20090209T212512_V00_LOC.IMG   502  2704  3171    13  3470 20363 23450      924806  Sun Aug 30 21:15:31 2009
M3G20090209T233432_V00_LOC.IMG   504  2528  2945     6  3463 13727 16775      913255  Sun Aug 30 21:22:06 2009
M3G20090210T014535_V00_LOC.IMG   507  2337  2726     2  3458  6029  9116      925045  Sun Aug 30 21:32:28 2009
M3G20090210T033052_V00_LOC.IMG   509  2148  2500     1  3454 13564 16994      922019  Sun Aug 30 21:40:24 2009
M3G20090210T051732_V00_LOC.IMG   512  1957  2274     1  3452 20275 23364      925430  Sun Aug 30 21:53:41 2009
M3G20090210T072652_V00_LOC.IMG   515  1734  2061     1  3454 13629 16718      925547  Sun Aug 30 22:01:53 2009
M3G20090210T094056_V00_LOC.IMG   518  1507  1871     3  3459  4189  7280      925890  Sun Aug 30 22:08:40 2009
M3G20090210T112252_V00_LOC.IMG   520  1279  1680     7  3465 13700 16790      925823  Sun Aug 30 22:18:04 2009
M3G20090210T151912_V00_LOC.IMG   525   825  1297    22  3483 13578 16669      926026  Sun Aug 30 22:34:29 2009
M3G20090210T171205_V00_LOC.IMG   527   598  1105    33  3495 16641 19732      926045  Sun Aug 30 22:45:24 2009
M3G20090210T191512_V00_LOC.IMG   529   371   913    46  3509 13660 16751      926121  Sun Aug 30 22:54:17 2009
M3G20090210T210152_V00_LOC.IMG   531   144   722    61  3525 20381 23472      926130  Sun Aug 30 23:06:50 2009
M3G20090210T231132_V00_LOC.IMG   533     2   401    79  2076 13543 15306      386317  Sun Aug 30 23:16:53 2009
M3G20090210T233730_V00_LOC.IMG   534   186   530  2054  3535     1  1327      283250  Sun Aug 30 23:17:47 2009
M3G20090211T011239_V00_LOC.IMG   537     2   341    99  3535 11749 14836       36832  Sun Aug 30 23:30:19 2009
