M3G20090131T091031_V00_LOC.IMG   254  3622  4247    72  3534 20431 23541      914236  Sun Aug 30 17:30:56 2009
M3G20090131T112714_V00_LOC.IMG   257  3426  4022    54  3518  9449 12561      932427  Sun Aug 30 17:33:15 2009
M3G20090131T130631_V00_LOC.IMG   259  3413  3795    40   759 20521 21144      186754  Sun Aug 30 17:36:00 2009
M3G20090131T134223_V00_LOC.IMG   260  3230  3743   741  3503     1  2489      745719  Sun Aug 30 17:36:19 2009
M3G20090131T151551_V00_LOC.IMG   262  3034  3567    28  3490 13864 16981      933740  Sun Aug 30 17:37:43 2009
M3G20090201T064933_V00_LOC.IMG   264  1409  1811     4  3462 20236 23360      935754  Sun Aug 30 17:40:44 2009
M3G20090201T085853_V00_LOC.IMG   266  1184  1618     8  3468 13658 16781      935750  Sun Aug 30 17:42:29 2009
M3G20090201T104533_V00_LOC.IMG   269   959  1426    16  3478 20385 23509      935659  Sun Aug 30 17:46:04 2009
M3G20090201T125453_V00_LOC.IMG   271   734  1235    25  3489 13751 16874      935525  Sun Aug 30 17:47:38 2009
M3G20090201T150434_V00_LOC.IMG   274   510  1042    37  3502  6913 10036      935368  Sun Aug 30 17:51:17 2009
M3G20090201T165935_V00_LOC.IMG   276   285   850    50  3517  8722 11844      935233  Sun Aug 30 17:53:12 2009
M3G20090201T190019_V00_LOC.IMG   279    61   658    66  3533  7155 10276      935039  Sun Aug 30 17:54:40 2009
M3G20090201T203612_V00_LOC.IMG   281     2   465    84  3535 20254 23374      444893  Sun Aug 30 17:59:05 2009
