M3G20090210T231132_V00_LOC.IMG   533  4171  4254     1  3447  7349 10452      224164  Sun Aug 30 23:13:26 2009
M3G20090211T011239_V00_LOC.IMG   537  3942  4254     1  3447  5548  8653      888515  Sun Aug 30 23:26:35 2009
M3G20090211T030946_V00_LOC.IMG   540  3713  4047     1  3447  6107  9213      930673  Sun Aug 30 23:34:51 2009
M3G20090211T045412_V00_LOC.IMG   544  3484  3818     1  3447 14145 17251      930851  Sun Aug 30 23:45:15 2009
M3G20090211T070332_V00_LOC.IMG   547  3255  3589     1  3447  7499 10606      931020  Sun Aug 30 23:52:10 2009
M3G20090211T085804_V00_LOC.IMG   550  3025  3360     1  3447  9585 12692      931175  Sun Aug 30 23:59:25 2009
M3G20090211T105952_V00_LOC.IMG   552  2795  3132     1  3447  7378 10486      931430  Mon Aug 31 00:01:27 2009
M3G20090211T185152_V00_LOC.IMG   557  1873  2213     1  3447  7520 10633      932817  Mon Aug 31 00:04:34 2009
M3G20090211T203852_V00_LOC.IMG   560  1641  1982     1  3447 14042 17155      932643  Mon Aug 31 00:08:27 2009
M3G20090211T224812_V00_LOC.IMG   562  1410  1752     1  3447  7397 10513      933627  Mon Aug 31 00:10:14 2009
M3G20090212T003453_V00_LOC.IMG   565  1181  1524     1  3447 14106 17223      934005  Mon Aug 31 00:13:02 2009
M3G20090212T024412_V00_LOC.IMG   568   949  1293     1  3447  7469 10588      934327  Mon Aug 31 00:14:40 2009
M3G20090212T044205_V00_LOC.IMG   571   717  1063     1  3447  7579 10700      935215  Mon Aug 31 00:17:20 2009
M3G20090212T064032_V00_LOC.IMG   573   487   833     1  3447  7352 10473      934821  Mon Aug 31 00:19:10 2009
M3G20090212T082712_V00_LOC.IMG   576   258   604     1  3447 14072 17193      935032  Mon Aug 31 00:22:10 2009
M3G20090212T103632_V00_LOC.IMG   578    29   375     1   266  7427  7662       70231  Mon Aug 31 00:23:31 2009
M3G20090212T104932_V00_LOC.IMG   579    30   374   263  3447     1  2886      864702  Mon Aug 31 00:23:54 2009
M3G20090212T122313_V00_LOC.IMG   581     1   145     1  3447 14145 17267      388644  Mon Aug 31 00:26:27 2009
