M3G20090201T064933_V00_LOC.IMG   264  3749  4324     1  3452  7795 10900      583122  Sun Aug 30 17:39:59 2009
M3G20090201T085853_V00_LOC.IMG   266  3594  4241     3  3471  1215  4321      930845  Sun Aug 30 17:41:54 2009
M3G20090201T104533_V00_LOC.IMG   269  3438  4052    20  3487  7942 11048      930950  Sun Aug 30 17:45:27 2009
M3G20090201T125453_V00_LOC.IMG   271  3283  3863    35  3502  1307  4414      931080  Sun Aug 30 17:47:01 2009
M3G20090201T144133_V00_LOC.IMG   273  3127  3674    48  3514  8039 11146      931222  Sun Aug 30 17:50:26 2009
M3G20090201T163951_V00_LOC.IMG   275  2972  3484    60  3525  7906 11014      931420  Sun Aug 30 17:52:22 2009
M3G20090201T184911_V00_LOC.IMG   278  2816  3295    70  3534  1274  4382      931536  Sun Aug 30 17:53:51 2009
M3G20090201T203612_V00_LOC.IMG   281  2661  3105    79  3541  7809 10918      931723  Sun Aug 30 17:57:03 2009
M3G20090201T224531_V00_LOC.IMG   283  2506  2916    86  3546  1184  4293      931854  Sun Aug 30 18:00:15 2009
M3G20090202T003211_V00_LOC.IMG   285  2357  2732    92  3550  7911 11021      932042  Sun Aug 30 18:03:11 2009
M3G20090202T024131_V00_LOC.IMG   288  2203  2543    96  3551  1281  4391      932143  Sun Aug 30 18:04:43 2009
M3G20090202T042831_V00_LOC.IMG   291  2032  2384    99  3552  7816 10927      932221  Sun Aug 30 18:07:10 2009
M3G20090202T063731_V00_LOC.IMG   293  1847  2232    98  3390  1379  4338      887701  Sun Aug 30 18:08:25 2009
M3G20090202T064453_V00_LOC.IMG   294  1844  2169  3386  3551     1   150       43871  Sun Aug 30 18:08:42 2009
M3G20090202T083314_V00_LOC.IMG   297  1656  2079    95  3551  2771  5881      932089  Sun Aug 30 18:10:50 2009
M3G20090202T103351_V00_LOC.IMG   300  1468  1927    90  3547  1275  4385      931928  Sun Aug 30 18:12:14 2009
M3G20090202T122051_V00_LOC.IMG   303  1364  1773    84  1788  7802  9312      452938  Sun Aug 30 18:14:18 2009
M3G20090202T123639_V00_LOC.IMG   304  1280  1687  1776  3543     1  1599      478538  Sun Aug 30 18:14:36 2009
M3G20090202T142951_V00_LOC.IMG   306  1091  1620    77  3536  1357  4466      931511  Sun Aug 30 18:16:06 2009
M3G20090202T161651_V00_LOC.IMG   309   903  1468    68  3528  7881 10989      931387  Sun Aug 30 18:19:20 2009
M3G20090202T182612_V00_LOC.IMG   312   715  1316    57  3518  1235  4344      931359  Sun Aug 30 18:20:53 2009
M3G20090202T201251_V00_LOC.IMG   315   527  1163    45  3507  7962 11071      931245  Sun Aug 30 18:23:45 2009
M3G20090202T222211_V00_LOC.IMG   317   450  1010    31  2384  1316  3407      627267  Sun Aug 30 18:24:59 2009
M3G20090203T041059_V00_LOC.IMG   318     1   557     2  3441  4486  7592      381602  Sun Aug 30 18:25:53 2009
M3G20090203T061431_V00_LOC.IMG   320   324   404     2   548  1254  1738        4248  Sun Aug 30 18:27:34 2009
