M3G20090206T185050_V00_LOC.IMG   409  3853  4008     2   623  1363  1897       42882  Sun Aug 30 19:34:50 2009
M3G20090206T185403_V00_LOC.IMG   410  3908  4323   621  3448     1  2572      302735  Sun Aug 30 19:35:18 2009
M3G20090206T203710_V00_LOC.IMG   412  3692  4292     2  3468  8258 11383      832897  Sun Aug 30 19:38:13 2009
M3G20090206T222411_V00_LOC.IMG   414  3532  4097     8  3485 14777 17902      935336  Sun Aug 30 19:40:52 2009
M3G20090207T003331_V00_LOC.IMG   417  3358  3892    25  3500  8124 11248      935399  Sun Aug 30 19:44:17 2009
M3G20090207T044515_V00_LOC.IMG   421  3086  3501  1274  3525     1  2037      609493  Sun Aug 30 19:46:39 2009
M3G20090207T061610_V00_LOC.IMG   423  2876  3306    65  3534 14893 18018      935419  Sun Aug 30 19:49:28 2009
M3G20090207T083836_V00_LOC.IMG   427  2716  3110    75  3541   535  3660      935472  Sun Aug 30 19:52:37 2009
M3G20090207T101751_V00_LOC.IMG   431  2556  2915    83  3547 11612 14737      935481  Sun Aug 30 19:55:17 2009
M3G20090207T121011_V00_LOC.IMG   433  2392  2751    90  3550 14987 18113      935543  Sun Aug 30 19:57:32 2009
M3G20090207T142313_V00_LOC.IMG   437  2197  2589    95  3551  6147  9272      935560  Sun Aug 30 20:00:27 2009
M3G20090207T161103_V00_LOC.IMG   440  2002  2429    98  3552 12159 15285      935588  Sun Aug 30 20:03:08 2009
M3G20090207T181550_V00_LOC.IMG   443  1808  2268    99  3551  8181 11307      935620  Sun Aug 30 20:05:47 2009
M3G20090207T200231_V00_LOC.IMG   446  1615  2109    95  3550 14884 18010      935644  Sun Aug 30 20:08:35 2009
M3G20090207T221151_V00_LOC.IMG   450  1419  1947    91  3547  8223 11349      935704  Sun Aug 30 20:12:24 2009
M3G20090208T001912_V00_LOC.IMG   454  1206  1759    83  3541  2718  5844      935792  Sun Aug 30 20:17:51 2009
M3G20090208T021836_V00_LOC.IMG   457  1012  1598    74  3533  1914  5039      935528  Sun Aug 30 20:22:13 2009
M3G20090208T061844_V00_LOC.IMG   460   624  1224   594  3513     1  2637      789529  Sun Aug 30 20:25:09 2009
M3G20090208T080838_V00_LOC.IMG   463   430  1116    39  3500  4306  7431      935604  Sun Aug 30 20:28:15 2009
M3G20090208T100012_V00_LOC.IMG   465   349   956    24  2447  8125 10291      649562  Sun Aug 30 20:31:29 2009
M3G20090208T101739_V00_LOC.IMG   466   236   680  2414  3485     1   958      285776  Sun Aug 30 20:31:45 2009
M3G20090208T114652_V00_LOC.IMG   468    42   795     8  3468 14826 17951      935669  Sun Aug 30 20:34:30 2009
M3G20090208T135610_V00_LOC.IMG   471     1   633     2  3449  8178 11298      584863  Sun Aug 30 20:38:50 2009
M3G20090208T160125_V00_LOC.IMG   475    72   472     1  2796  3922  6459       92824  Sun Aug 30 20:43:00 2009
