M3G20090203T041059_V00_LOC.IMG   318  3781  4323     2  3454  4487  7595      549725  Sun Aug 30 18:25:45 2009
M3G20090203T061431_V00_LOC.IMG   320  3627  4231     2  3472  1253  4362      927034  Sun Aug 30 18:27:32 2009
M3G20090203T080104_V00_LOC.IMG   322  3474  4042    16  3488  8042 11151      931277  Sun Aug 30 18:30:27 2009
M3G20090203T135512_V00_LOC.IMG   325  3009  3472    58  3526  8058 11167      931226  Sun Aug 30 18:32:49 2009
M3G20090203T160452_V00_LOC.IMG   328  2853  3280    68  3535  1211  4320      931235  Sun Aug 30 18:34:38 2009
M3G20090203T175131_V00_LOC.IMG   331  2696  3088    78  3542  7931 11041      931288  Sun Aug 30 18:37:05 2009
M3G20090203T200051_V00_LOC.IMG   334  2539  2896    85  3547  1282  4392      931390  Sun Aug 30 18:38:04 2009
M3G20090204T094731_V00_LOC.IMG   337  1219  1775    84  3541  1104  4220      933000  Sun Aug 30 18:39:58 2009
M3G20090204T113444_V00_LOC.IMG   340  1025  1616    76  3534  7487 10604      933105  Sun Aug 30 18:42:36 2009
M3G20090204T134332_V00_LOC.IMG   343   830  1456    66  3524  1154  4276      934746  Sun Aug 30 18:44:03 2009
M3G20090204T152951_V00_LOC.IMG   346   634  1294    55  3514  8066 11184      933305  Sun Aug 30 18:47:06 2009
M3G20090204T173931_V00_LOC.IMG   349   439  1133    42  3501  1215  4332      933278  Sun Aug 30 18:48:35 2009
M3G20090204T192552_V00_LOC.IMG   351   244   971    27  3486  8120 11237      933303  Sun Aug 30 18:51:54 2009
M3G20090204T233457_V00_LOC.IMG   352     1   647     2  3450   464  3577      614116  Sun Aug 30 18:53:04 2009
M3G20090205T013151_V00_LOC.IMG   357     1   513     2  3431  1136  4250      171515  Sun Aug 30 18:55:30 2009
