M3G20090125T172601_V00_LOC.IMG   244  1963  2358   164  3616  5025  8131      930183  Sun Aug 30 17:13:24 2009
M3G20090206T222411_V00_LOC.IMG   414  3512  3851     1  1112   459  1509       33844  Sun Aug 30 19:40:33 2009
M3G20090207T022010_V00_LOC.IMG   420  3323  3978     1  1704  5318  6879      336298  Sun Aug 30 19:46:11 2009
M3G20090207T061610_V00_LOC.IMG   423  3119  3852    31  1807     1  1614      480661  Sun Aug 30 19:49:16 2009
M3G20090207T101211_V00_LOC.IMG   430  2915  3604    71  1898  1689  3350      494937  Sun Aug 30 19:53:57 2009
M3G20090207T121011_V00_LOC.IMG   433  2813  3478    87  1939     1  1684      501581  Sun Aug 30 19:57:24 2009
M3G20090207T160610_V00_LOC.IMG   439  2614  3228   116  2016  1150  2879      515470  Sun Aug 30 20:01:46 2009
M3G20090207T200231_V00_LOC.IMG   446  2416  2950   139  1863     1  1573      468194  Sun Aug 30 20:08:26 2009
M3G20090207T235830_V00_LOC.IMG   453  2250  2703   153  1920 10599 12203      478179  Sun Aug 30 20:16:56 2009
M3G20090208T035432_V00_LOC.IMG   459  2056  2479   162  1938     1  1632      486178  Sun Aug 30 20:24:45 2009
M3G20090208T075032_V00_LOC.IMG   462  1864  2227   156  1974  9009 10677      497421  Sun Aug 30 20:27:06 2009
M3G20090208T114652_V00_LOC.IMG   468  1630  2019   143  1796     1  1512      450562  Sun Aug 30 20:34:20 2009
M3G20090208T154251_V00_LOC.IMG   474  1378  1826   122  1847  9388 10955      467161  Sun Aug 30 20:41:41 2009
M3G20090208T193851_V00_LOC.IMG   479  1129  1635    97  1876  1191  2800      480023  Sun Aug 30 20:47:46 2009
M3G20090208T233450_V00_LOC.IMG   486   877  1446    65  1904  1192  2850      494957  Sun Aug 30 20:53:12 2009
M3G20090209T033051_V00_LOC.IMG   494   613  1248    26  1929     1  1715      511720  Sun Aug 30 20:59:43 2009
M3G20090209T072710_V00_LOC.IMG   500   407  1063     1  1738     1  1570      410409  Sun Aug 30 21:07:06 2009
