M3G20090206T225721_V00_LOC.IMG   415  3486  4007  1856  3616 15230 16855       83976  Sun Aug 30 19:42:04 2009
M3G20090207T003331_V00_LOC.IMG   417  3974  4392   249  1563 26689 27861      103415  Sun Aug 30 19:45:09 2009
M3G20090207T012046_V00_LOC.IMG   418  3934  4077  1533  1706     1   129       15117  Sun Aug 30 19:45:22 2009
M3G20090207T044515_V00_LOC.IMG   421  3630  4302   181  1845 17460 18913      435538  Sun Aug 30 19:47:26 2009
M3G20090207T065039_V00_LOC.IMG   424  3104  4145   151  3569 13119 16187      917618  Sun Aug 30 19:50:42 2009
M3G20090207T090807_V00_LOC.IMG   428  3382  3986   124  1734  1661  3061      419682  Sun Aug 30 19:53:29 2009
M3G20090207T101751_V00_LOC.IMG   431  3255  3826   100  1686 30143 31520      412902  Sun Aug 30 19:56:05 2009
M3G20090207T124241_V00_LOC.IMG   434  2807  3667    78  3516 14347 17410      916048  Sun Aug 30 19:58:47 2009
M3G20090207T142313_V00_LOC.IMG   437  3000  3510    59  1599 24670 26005      399998  Sun Aug 30 20:01:15 2009
M3G20090207T165529_V00_LOC.IMG   441  2606  3353    43  3489  4483  7545      915618  Sun Aug 30 20:04:21 2009
M3G20090207T183846_V00_LOC.IMG   444  2743  3196    29  1517 13184 14474      386601  Sun Aug 30 20:06:44 2009
M3G20090207T204327_V00_LOC.IMG   447  2458  3040    19  2997  9260 11885      787216  Sun Aug 30 20:10:00 2009
M3G20090207T210337_V00_LOC.IMG   448  2410  2726  2973  3470     1   434      127795  Sun Aug 30 20:10:09 2009
M3G20090207T225624_V00_LOC.IMG   451  2465  2884    11  1669   470  1915      433249  Sun Aug 30 20:15:18 2009
M3G20090208T001912_V00_LOC.IMG   454  2246  2754     6  3460 21234 24292      914965  Sun Aug 30 20:19:52 2009
M3G20090208T021836_V00_LOC.IMG   457  2239  2599     2  1627 20430 21849      425303  Sun Aug 30 20:23:04 2009
M3G20090208T061844_V00_LOC.IMG   460  1983  2289     1  1589 18032 19421      416471  Sun Aug 30 20:25:54 2009
M3G20090208T080838_V00_LOC.IMG   463  1852  2135     2  3461 22828 25888      915446  Sun Aug 30 20:29:37 2009
M3G20090208T101739_V00_LOC.IMG   466  1698  2000     4  1541 16359 17700      402011  Sun Aug 30 20:32:42 2009
M3G20090208T121842_V00_LOC.IMG   469  1543  1933     9  3475 14586 17647      915844  Sun Aug 30 20:36:04 2009
M3G20090208T143051_V00_LOC.IMG   472  1389  1742    16  1497  6262  7549      385823  Sun Aug 30 20:40:25 2009
M3G20090208T160125_V00_LOC.IMG   475  1235  1743    26  3496 22458 25521      916376  Sun Aug 30 20:44:22 2009
M3G20090208T175211_V00_LOC.IMG   477  1081  1498    39  1690 26753 28187      429921  Sun Aug 30 20:47:13 2009
M3G20090208T201331_V00_LOC.IMG   481   928  1554    54  3522 13004 16068      917003  Sun Aug 30 20:50:14 2009
M3G20090208T214811_V00_LOC.IMG   484   774  1242    71  1682 26791 28187      418573  Sun Aug 30 20:52:41 2009
M3G20090209T000934_V00_LOC.IMG   488   614  1359    93  3556 13031 16099      917967  Sun Aug 30 20:55:37 2009
M3G20090209T022618_V00_LOC.IMG   492   463   976   114  1670  2007  3352      403315  Sun Aug 30 20:58:07 2009
M3G20090209T042503_V00_LOC.IMG   495   311  1174   140  3594  1582  4652      918808  Sun Aug 30 21:01:10 2009
M3G20090209T062002_V00_LOC.IMG   498   161   718   167  1676  3387  4691      390957  Sun Aug 30 21:03:40 2009
