M3G20090203T080104_V00_LOC.IMG   322  3832  4247    97  3535 20485 23601      175083  Sun Aug 30 18:31:20 2009
M3G20090203T135512_V00_LOC.IMG   325  3242  3872    44  3504 20492 23611      933775  Sun Aug 30 18:33:48 2009
M3G20090203T160452_V00_LOC.IMG   328  3047  3640    32  3490 13644 16762      933426  Sun Aug 30 18:35:13 2009
M3G20090203T175131_V00_LOC.IMG   331  3026  3409    21   786 20362 21030      200168  Sun Aug 30 18:37:34 2009
M3G20090203T200051_V00_LOC.IMG   334  2655  3175    12  3468 13711 16822      932435  Sun Aug 30 18:38:38 2009
M3G20090203T202923_V00_LOC.IMG   335  2655  2692  3456  3459     1     3          64  Sun Aug 30 18:38:51 2009
M3G20090204T094731_V00_LOC.IMG   337  1234  1583     8  3469 13530 16634      929283  Sun Aug 30 18:40:33 2009
M3G20090204T120815_V00_LOC.IMG   341  1005  1387    15  3479   155  3259      929224  Sun Aug 30 18:43:20 2009
M3G20090204T134332_V00_LOC.IMG   343   775  1192    24  3490 13583 16685      928740  Sun Aug 30 18:44:38 2009
M3G20090204T152951_V00_LOC.IMG   346   547   998    36  3504 20489 23591      928448  Sun Aug 30 18:47:42 2009
M3G20090204T173931_V00_LOC.IMG   349   319   805    49  3518 13637 16737      928234  Sun Aug 30 18:49:12 2009
