M3G20090212T122313_V00_LOC.IMG   581  4065  4254     1  3447 17263 20374      536823  Mon Aug 31 00:27:08 2009
M3G20090212T143253_V00_LOC.IMG   583  3835  4169     1  3447 10420 13533      932646  Mon Aug 31 00:29:22 2009
M3G20090212T162141_V00_LOC.IMG   586  3606  3940     1  3447 15885 19000      932965  Mon Aug 31 00:32:14 2009
M3G20090212T182852_V00_LOC.IMG   588  3382  3701     1   427 10505 10895      116894  Mon Aug 31 00:33:29 2009
M3G20090212T184721_V00_LOC.IMG   589  3376  3712   423  3447     1  2724      816063  Mon Aug 31 00:33:50 2009
M3G20090212T203719_V00_LOC.IMG   592  3147  3484     1  3447  4385  7501      933551  Mon Aug 31 00:36:04 2009
M3G20090212T222453_V00_LOC.IMG   594  2918  3255     1  3447 10577 13694      933764  Mon Aug 31 00:37:26 2009
M3G20090213T001153_V00_LOC.IMG   597  2689  3027     1  3447 17063 20181      933964  Mon Aug 31 00:39:41 2009
M3G20090213T022112_V00_LOC.IMG   599  2459  2798     1  3447 10425 13543      934210  Mon Aug 31 00:41:11 2009
M3G20090213T040732_V00_LOC.IMG   601  2230  2568     1  3447 17341 20461      934395  Mon Aug 31 00:43:23 2009
M3G20090213T061652_V00_LOC.IMG   603  2001  2338     1  3447 10700 13820      934661  Mon Aug 31 00:44:55 2009
M3G20090213T080353_V00_LOC.IMG   605  1771  2106     1  3447 17227 20347      934816  Mon Aug 31 00:47:08 2009
M3G20090213T101313_V00_LOC.IMG   607  1540  1873     1  3447 10584 13706      935008  Mon Aug 31 00:48:39 2009
M3G20090213T115953_V00_LOC.IMG   609  1308  1642     1  3447 17307 20429      935157  Mon Aug 31 00:50:51 2009
M3G20090213T140913_V00_LOC.IMG   611  1076  1411     1  3447 10665 13787      935370  Mon Aug 31 00:52:23 2009
M3G20090213T155552_V00_LOC.IMG   613   845  1180     1  3447 17391 20514      935507  Mon Aug 31 00:54:32 2009
M3G20090213T180532_V00_LOC.IMG   615   614   949     1  3447 10551 13675      935723  Mon Aug 31 00:55:42 2009
M3G20090213T195213_V00_LOC.IMG   617   385   718     1  3447 17273 20397      935977  Mon Aug 31 00:57:58 2009
M3G20090213T221852_V00_LOC.IMG   620   156   488     1  3447   415  3540      936270  Mon Aug 31 00:59:34 2009
M3G20090214T000903_V00_LOC.IMG   623     1   258     1  3447  5070  8196      727957  Mon Aug 31 01:03:40 2009
M3G20090214T020800_V00_LOC.IMG   626     1    27     1  3447  4549  7672       56295  Mon Aug 31 01:10:12 2009
