M3G20090203T135512_V00_LOC.IMG   325  3471  3997    14  3483 11162 14275      932349  Sun Aug 30 18:33:07 2009
M3G20090203T160452_V00_LOC.IMG   328  3279  3770    29  3497  4315  7428      932311  Sun Aug 30 18:34:47 2009
M3G20090203T175131_V00_LOC.IMG   331  3087  3542    43  3510 11035 14148      932175  Sun Aug 30 18:37:14 2009
M3G20090203T200051_V00_LOC.IMG   334  2894  3314    54  3519  4386  7499      932171  Sun Aug 30 18:38:13 2009
M3G20090204T094731_V00_LOC.IMG   337  1376  1869    76  3531  4214  7328      932433  Sun Aug 30 18:40:07 2009
M3G20090204T113444_V00_LOC.IMG   340  1149  1675    69  3526 10598 13712      932384  Sun Aug 30 18:42:45 2009
M3G20090204T134332_V00_LOC.IMG   343   918  1479    61  3518  4270  7384      932414  Sun Aug 30 18:44:13 2009
M3G20090204T152951_V00_LOC.IMG   346   689  1284    50  3509 11177 14291      932359  Sun Aug 30 18:47:16 2009
M3G20090204T173931_V00_LOC.IMG   349   460  1088    37  3496  4326  7440      932348  Sun Aug 30 18:48:45 2009
M3G20090204T192552_V00_LOC.IMG   351   230   892    22  3481 11231 14345      932305  Sun Aug 30 18:52:04 2009
M3G20090204T233457_V00_LOC.IMG   352   246   499     1   835  3576  4328      115986  Sun Aug 30 18:53:11 2009
M3G20090204T234545_V00_LOC.IMG   353     2   142  3082  3445     1   317       29461  Sun Aug 30 18:53:17 2009
M3G20090205T013151_V00_LOC.IMG   357   321   322     2    15  4251  4263          13  Sun Aug 30 18:55:45 2009
