M3G20090204T233457_V00_LOC.IMG   352  4200  4392  2842  3372     1   471       30580  Sun Aug 30 18:52:37 2009
M3G20090205T013151_V00_LOC.IMG   357  3930  4392  2115  3402     1  1144      191602  Sun Aug 30 18:55:10 2009
M3G20090205T071411_V00_LOC.IMG   360  3191  4039    17  3493  5004  8130      934841  Sun Aug 30 18:58:26 2009
M3G20090205T092400_V00_LOC.IMG   363  3366  3879  2151  3519     1  1189      354790  Sun Aug 30 18:59:54 2009
M3G20090205T111013_V00_LOC.IMG   366  2984  3718    60  3540  5046  8172      935063  Sun Aug 30 19:02:49 2009
M3G20090205T131953_V00_LOC.IMG   369  3072  3556  2041  3559     1  1331      397583  Sun Aug 30 19:04:13 2009
M3G20090205T150614_V00_LOC.IMG   372  2775  3394    96  3576  5123  8250      935395  Sun Aug 30 19:06:40 2009
M3G20090205T171614_V00_LOC.IMG   375  2805  3232  2207  3589     1  1213      362229  Sun Aug 30 19:08:05 2009
M3G20090205T190233_V00_LOC.IMG   378  2566  3069   124  3600  5007  8135      935594  Sun Aug 30 19:10:09 2009
M3G20090205T211213_V00_LOC.IMG   381  2522  2905  2148  3608     1  1295      386699  Sun Aug 30 19:11:33 2009
M3G20090205T225833_V00_LOC.IMG   384  2360  2742   145  3613  5084  8212      935630  Sun Aug 30 19:13:36 2009
M3G20090206T010833_V00_LOC.IMG   387  2238  2589  2299  3616     1  1172      349910  Sun Aug 30 19:15:04 2009
M3G20090206T025453_V00_LOC.IMG   389  2152  2495   159   512  4969  5290       95464  Sun Aug 30 19:16:52 2009
M3G20090206T030351_V00_LOC.IMG   390  2075  2487   507  3616     1  2805      839761  Sun Aug 30 19:17:15 2009
M3G20090206T050433_V00_LOC.IMG   392  1912  2312  2204  3615     1  1259      375840  Sun Aug 30 19:18:25 2009
M3G20090206T065053_V00_LOC.IMG   396  1749  2290   161  3615  5045  8174      936116  Sun Aug 30 19:20:57 2009
M3G20090206T084850_V00_LOC.IMG   398  1587  2189   156  3612  5112  8243      936380  Sun Aug 30 19:22:41 2009
M3G20090206T105850_V00_LOC.IMG   401  1425  1894  2242  3606     1  1204      359477  Sun Aug 30 19:24:47 2009
M3G20090206T124510_V00_LOC.IMG   403  1264  1986   140  3597  4989  8122      936871  Sun Aug 30 19:28:17 2009
M3G20090206T145451_V00_LOC.IMG   405  1104  1630  2134  3586     1  1279      381893  Sun Aug 30 19:30:18 2009
M3G20090206T164110_V00_LOC.IMG   407   944  1786   118  3571  5063  8197      937367  Sun Aug 30 19:33:24 2009
M3G20090206T185050_V00_LOC.IMG   409   785  1373  2017  3554     1  1367      408136  Sun Aug 30 19:34:45 2009
M3G20090206T203710_V00_LOC.IMG   412   626  1587    89  3535  5130  8266      937643  Sun Aug 30 19:38:03 2009
M3G20090206T222411_V00_LOC.IMG   414   469  1487    73  3513 11649 14785      937783  Sun Aug 30 19:40:26 2009
M3G20090207T003331_V00_LOC.IMG   417   298  1373    51  3485  4995  8131      937988  Sun Aug 30 19:44:08 2009
M3G20090207T061610_V00_LOC.IMG   423     2  1077     1  3394 11774 14893      608346  Sun Aug 30 19:49:11 2009
M3G20090207T082530_V00_LOC.IMG   426   143   980     2  2779  5121  7716      244414  Sun Aug 30 19:52:08 2009
M3G20090207T083836_V00_LOC.IMG   427     2   186  2771  3358     1   535       14116  Sun Aug 30 19:52:28 2009
M3G20090207T101751_V00_LOC.IMG   431   533   883     2  1150  8479  9566       34541  Sun Aug 30 19:55:07 2009
