M3G20090204T235142_V00_LOC.IMG   355  3887  4254   100  3447     1  3008      895346  Sun Aug 30 18:54:00 2009
M3G20090205T013151_V00_LOC.IMG   357  3649  4043     1  3447 10461 13565      929454  Sun Aug 30 18:56:02 2009
M3G20090205T074030_V00_LOC.IMG   361  2958  3350     1  3447  1928  5032      929387  Sun Aug 30 18:59:11 2009
M3G20090205T092400_V00_LOC.IMG   363  2738  3119     1  2984 10507 13197      806867  Sun Aug 30 19:00:26 2009
M3G20090205T094623_V00_LOC.IMG   364  2727  3056  2980  3447     1   411      121948  Sun Aug 30 19:00:38 2009
M3G20090205T113340_V00_LOC.IMG   367  2496  2887     1  3447  3667  6771      929399  Sun Aug 30 19:03:37 2009
M3G20090205T133443_V00_LOC.IMG   370  2264  2655     1  3447  1911  5015      929412  Sun Aug 30 19:05:00 2009
M3G20090205T150614_V00_LOC.IMG   372  2094  2423     1   734 17570 18238      200126  Sun Aug 30 19:07:10 2009
M3G20090205T153710_V00_LOC.IMG   373  2032  2405   730  3447     1  2434      728656  Sun Aug 30 19:07:27 2009
M3G20090205T171614_V00_LOC.IMG   375  1798  2192     1  3447 10535 13638      929330  Sun Aug 30 19:08:39 2009
M3G20090205T190233_V00_LOC.IMG   378  1628  1955     1   680 17456 18075      185330  Sun Aug 30 19:10:37 2009
M3G20090205T193313_V00_LOC.IMG   379  1565  1940   675  3447     1  2484      743663  Sun Aug 30 19:10:54 2009
M3G20090205T211213_V00_LOC.IMG   381  1331  1721     1  3447 10616 13720      929274  Sun Aug 30 19:12:08 2009
M3G20090205T225833_V00_LOC.IMG   384  1144  1486     1  1479 17533 18877      402914  Sun Aug 30 19:14:05 2009
M3G20090205T233034_V00_LOC.IMG   385  1096  1453  1474  3447     1  1758      526017  Sun Aug 30 19:14:22 2009
M3G20090206T010833_V00_LOC.IMG   387   852  1245     1  3447 10497 13600      929214  Sun Aug 30 19:15:41 2009
M3G20090206T030351_V00_LOC.IMG   390   617  1010     1  3447 12127 15229      929105  Sun Aug 30 19:17:50 2009
M3G20090206T050647_V00_LOC.IMG   393   381   775     1  3447  9263 12365      928941  Sun Aug 30 19:19:13 2009
M3G20090206T065053_V00_LOC.IMG   396   146   540     1  3447 17496 20598      928801  Sun Aug 30 19:21:34 2009
M3G20090206T084850_V00_LOC.IMG   398     1   305     1  1670 17565 19080      415023  Sun Aug 30 19:23:25 2009
M3G20090206T092112_V00_LOC.IMG   399     1   268  1668  3447     1  1581      373371  Sun Aug 30 19:23:47 2009
M3G20090206T105850_V00_LOC.IMG   401     1    71     1  3248 10527 13448       94086  Sun Aug 30 19:25:59 2009
