M3G20090125T172601_V00_LOC.IMG   244     2  1423     2  3292  1924  5025      580605  Sun Aug 30 17:13:06 2009
M3G20090206T222411_V00_LOC.IMG   414  1286  1820    84  3591  1494  4659      941044  Sun Aug 30 19:40:15 2009
M3G20090207T022010_V00_LOC.IMG   420  1095  1751    65  3573  2165  5332      941740  Sun Aug 30 19:46:01 2009
M3G20090207T061610_V00_LOC.IMG   423   891  1666    39  3548  1599  4771      942951  Sun Aug 30 19:48:33 2009
M3G20090207T101211_V00_LOC.IMG   430   690  1324  1632  3517     1  1704      510063  Sun Aug 30 19:53:47 2009
M3G20090207T101751_V00_LOC.IMG   431   977  1582    11  1687     1  1472      433873  Sun Aug 30 19:54:52 2009
M3G20090207T121011_V00_LOC.IMG   433   591  1541     2  3498  1669  4842      943812  Sun Aug 30 19:57:08 2009
M3G20090207T160610_V00_LOC.IMG   439   398  1000  2150  3456     1  1165      348230  Sun Aug 30 20:01:36 2009
M3G20090207T161103_V00_LOC.IMG   440   654  1463     2  2221     1  1995      573702  Sun Aug 30 20:02:49 2009
M3G20090207T200231_V00_LOC.IMG   446   208  1386     2  3410  1557  4708      845578  Sun Aug 30 20:08:06 2009
M3G20090207T235830_V00_LOC.IMG   453    52  1346     2  3365  7468 10613      720391  Sun Aug 30 20:16:42 2009
M3G20090208T035432_V00_LOC.IMG   459     2  1272     2  3307  1618  4758      374509  Sun Aug 30 20:24:30 2009
M3G20090208T075032_V00_LOC.IMG   462     2  1202     2  3243  5878  9021       20747  Sun Aug 30 20:27:01 2009
