M3G20090203T135512_V00_LOC.IMG   325  3606  4002     1  3447 14270 17386      933164  Sun Aug 30 18:33:25 2009
M3G20090203T160452_V00_LOC.IMG   328  3377  3774     1  3447  7422 10538      933023  Sun Aug 30 18:34:55 2009
M3G20090203T175131_V00_LOC.IMG   331  3149  3546     1  3447 14142 17257      932825  Sun Aug 30 18:37:22 2009
M3G20090203T200051_V00_LOC.IMG   334  2919  3317     1  3447  7494 10608      932563  Sun Aug 30 18:38:21 2009
M3G20090204T094731_V00_LOC.IMG   337  1314  1715     1  3447  7322 10434      931698  Sun Aug 30 18:40:16 2009
M3G20090204T113444_V00_LOC.IMG   340  1085  1488     1  3447 13706 16817      931574  Sun Aug 30 18:42:53 2009
M3G20090204T134332_V00_LOC.IMG   343   856  1255     1  3447  7378 10489      931433  Sun Aug 30 18:44:21 2009
M3G20090204T152951_V00_LOC.IMG   346   626  1025     1  3447 14285 17396      931291  Sun Aug 30 18:47:25 2009
M3G20090204T173931_V00_LOC.IMG   349   397   794     1  3447  7434 10544      931142  Sun Aug 30 18:48:54 2009
M3G20090204T192552_V00_LOC.IMG   351   168   563     1  3447 14339 17448      931001  Sun Aug 30 18:52:19 2009
M3G20090204T234545_V00_LOC.IMG   353     1   101     1  2735   315  2770      149365  Sun Aug 30 18:53:36 2009
M3G20090204T235053_V00_LOC.IMG   354     1    29  3017  3059     1    38         986  Sun Aug 30 18:53:38 2009
