M3G20090204T234545_V00_LOC.IMG   353  3974  4254     1  2736   315  2770      586816  Sun Aug 30 18:53:31 2009
M3G20090204T235053_V00_LOC.IMG   354  3969  4254  3012  3060     1    38       10414  Sun Aug 30 18:53:38 2009
M3G20090205T013151_V00_LOC.IMG   357  3734  4135     1  3447  7357 10466      931071  Sun Aug 30 18:55:54 2009
M3G20090205T071411_V00_LOC.IMG   360  3082  3438     1  1322 14344 15518      352012  Sun Aug 30 18:58:48 2009
M3G20090205T074030_V00_LOC.IMG   361  3039  3403  1317  3447     1  1934      578696  Sun Aug 30 18:59:04 2009
M3G20090205T092400_V00_LOC.IMG   363  2807  3206     1  3447  7403 10512      931082  Sun Aug 30 19:00:19 2009
M3G20090205T113340_V00_LOC.IMG   367  2575  2973     1  3447   564  3673      931077  Sun Aug 30 19:03:29 2009
M3G20090205T131953_V00_LOC.IMG   369  2384  2740     1  1340  7547  8738      356929  Sun Aug 30 19:04:33 2009
M3G20090205T133443_V00_LOC.IMG   370  2342  2705  1336  3447     1  1917      573563  Sun Aug 30 19:04:52 2009
M3G20090205T150614_V00_LOC.IMG   372  2109  2505     1  3447 14466 17576      931138  Sun Aug 30 19:07:07 2009
M3G20090205T171614_V00_LOC.IMG   375  1879  2275     1  3447  7431 10540      931260  Sun Aug 30 19:08:30 2009
M3G20090205T190233_V00_LOC.IMG   378  1642  2038     1  3447 14353 17462      931138  Sun Aug 30 19:10:34 2009
M3G20090205T211213_V00_LOC.IMG   381  1408  1803     1  3447  7513 10622      931135  Sun Aug 30 19:11:59 2009
M3G20090205T225833_V00_LOC.IMG   384  1174  1569     1  3447 14430 17539      931067  Sun Aug 30 19:14:01 2009
M3G20090206T010833_V00_LOC.IMG   387   932  1331     1  3447  7393 10503      931094  Sun Aug 30 19:15:32 2009
M3G20090206T030351_V00_LOC.IMG   390   697  1096     1  3447  9023 12132      931074  Sun Aug 30 19:17:42 2009
M3G20090206T050647_V00_LOC.IMG   393   462   862     1  3447  6160  9268      930948  Sun Aug 30 19:19:05 2009
M3G20090206T065053_V00_LOC.IMG   396   227   627     1  3447 14393 17501      930900  Sun Aug 30 19:21:25 2009
M3G20090206T084850_V00_LOC.IMG   398     1   392     1  3447 14462 17570      928938  Sun Aug 30 19:23:12 2009
M3G20090206T105850_V00_LOC.IMG   401     1   159     1  3447  7424 10528      320479  Sun Aug 30 19:25:44 2009
