M3G20090131T124011_V00_LOC.IMG   258  3606  3898  1085  1407     1   283       84900  Sun Aug 30 17:34:24 2009
M3G20090131T144011_V00_LOC.IMG   261  3372  3668     1   110   183   278       27746  Sun Aug 30 17:36:39 2009
M3G20090201T141713_V00_LOC.IMG   272   654   942     1    59   233   283       14265  Sun Aug 30 17:49:07 2009
M3G20090201T181311_V00_LOC.IMG   277   204   492     1   179   129   283       45616  Sun Aug 30 17:53:34 2009
M3G20090201T201111_V00_LOC.IMG   280     1   265     1   227    86   283       54277  Sun Aug 30 17:55:49 2009
M3G20090201T220911_V00_LOC.IMG   282     2    38     1   277    38   278        9123  Sun Aug 30 17:59:47 2009
M3G20090214T000903_V00_LOC.IMG   623  4179  4254     1  3447  1940  5074      197495  Mon Aug 31 01:02:51 2009
M3G20090214T020800_V00_LOC.IMG   626  3949  4254     1  3447  1412  4548      842485  Mon Aug 31 01:09:23 2009
M3G20090214T034413_V00_LOC.IMG   628  3718  4071     1  3447 14304 17443      940473  Mon Aug 31 01:14:55 2009
M3G20090214T055332_V00_LOC.IMG   630  3488  3842     1  3447  7666 10807      941024  Mon Aug 31 01:16:51 2009
M3G20090214T074247_V00_LOC.IMG   633  3256  3612     1  3447 12867 16009      941508  Mon Aug 31 01:19:33 2009
M3G20090214T094953_V00_LOC.IMG   635  3024  3382     1  3447  7549 10693      941946  Mon Aug 31 01:20:58 2009
