M3G20090125T172601_V00_LOC.IMG   244  1964  3491   274  2210     1  1936      578915  Sun Aug 30 17:12:27 2009
M3G20090131T051413_V00_LOC.IMG   252  2139  4274  2043  3018     1  1914      573974  Sun Aug 30 17:25:11 2009
M3G20090131T091031_V00_LOC.IMG   254  2240  4254  2079  3085     1  1812      543497  Sun Aug 30 17:28:36 2009
M3G20090131T130631_V00_LOC.IMG   259  2144  4231  2043  3151     1  1899      569625  Sun Aug 30 17:34:47 2009
M3G20090201T064933_V00_LOC.IMG   264  2362  4098  2184  3435     1  1654      495945  Sun Aug 30 17:39:03 2009
M3G20090201T104533_V00_LOC.IMG   269  2260  4062  2129  3498     1  1757      526540  Sun Aug 30 17:44:26 2009
M3G20090201T144133_V00_LOC.IMG   273  2171  4024  2072  3559     1  1851      554803  Sun Aug 30 17:49:27 2009
M3G20090201T163951_V00_LOC.IMG   275  2289  4004  2166  3587     1  1716      514329  Sun Aug 30 17:51:50 2009
M3G20090201T203612_V00_LOC.IMG   281  2371  3963  2245  3643     1  1616      484141  Sun Aug 30 17:56:16 2009
M3G20090202T003211_V00_LOC.IMG   285  2286  3926  2175  3691     1  1715      513584  Sun Aug 30 18:02:29 2009
M3G20090202T042831_V00_LOC.IMG   291  2363  3884  2256  3742     1  1618      484371  Sun Aug 30 18:06:35 2009
M3G20090202T082431_V00_LOC.IMG   296  2284  3842  2182  3789     1  1717      513865  Sun Aug 30 18:10:12 2009
M3G20090202T122051_V00_LOC.IMG   303  2369  3798  2277  3833     1  1608      480687  Sun Aug 30 18:13:54 2009
M3G20090202T161651_V00_LOC.IMG   309  2309  3751  2213  3875     1  1690      505035  Sun Aug 30 18:18:19 2009
M3G20090202T201251_V00_LOC.IMG   315  2254  3703  2144  3915     1  1773      529859  Sun Aug 30 18:22:57 2009
M3G20090203T080104_V00_LOC.IMG   322  2230  3562  2077  4022     1  1855      553378  Sun Aug 30 18:29:45 2009
M3G20090203T135512_V00_LOC.IMG   325  2233  3480  2073  4075     1  1870      557677  Sun Aug 30 18:32:20 2009
M3G20090203T175131_V00_LOC.IMG   331  2301  3422  2213  4110     1  1741      518783  Sun Aug 30 18:36:38 2009
M3G20090204T113332_V00_LOC.IMG   339  2226  2755  2016  2866     1   715      214500  Sun Aug 30 18:41:33 2009
M3G20090204T113444_V00_LOC.IMG   340  2445  3142  2777  4239     1  1273      377582  Sun Aug 30 18:41:52 2009
M3G20090204T152951_V00_LOC.IMG   346  2262  3067  2178  4264     1  1850      550499  Sun Aug 30 18:46:21 2009
M3G20090204T192552_V00_LOC.IMG   351  2242  2987  2139  4286     1  1902      566104  Sun Aug 30 18:51:09 2009
M3G20090205T071411_V00_LOC.IMG   360  2251  2770  2183  4327     1  1900      565314  Sun Aug 30 18:57:39 2009
M3G20090205T111013_V00_LOC.IMG   366  2241  2685  2160  4335     1  1940      577563  Sun Aug 30 19:02:06 2009
M3G20090205T150614_V00_LOC.IMG   372  2234  2600  2094  4342     1  2014      599735  Sun Aug 30 19:06:14 2009
M3G20090205T190233_V00_LOC.IMG   378  2178  2561  2228  4344     1  1899      565448  Sun Aug 30 19:09:50 2009
M3G20090205T225833_V00_LOC.IMG   384  2092  2562  2146  4344     1  1976      588490  Sun Aug 30 19:13:17 2009
M3G20090206T025453_V00_LOC.IMG   389  2016  2560  2277  4344     1  1859      553306  Sun Aug 30 19:16:42 2009
M3G20090206T065053_V00_LOC.IMG   396  1935  2568  2197  4344     1  1935      575869  Sun Aug 30 19:20:32 2009
M3G20090206T084850_V00_LOC.IMG   398  1894  2581  2127  4344     1  2002      595864  Sun Aug 30 19:22:22 2009
M3G20090206T124510_V00_LOC.IMG   403  1814  2556  2270  4344     1  1874      557629  Sun Aug 30 19:27:39 2009
M3G20090206T164110_V00_LOC.IMG   407  1735  2573  2194  4341     1  1949      579814  Sun Aug 30 19:32:51 2009
M3G20090206T203710_V00_LOC.IMG   412  1656  2594  2129  4337     1  2014      599353  Sun Aug 30 19:37:29 2009
M3G20090206T222411_V00_LOC.IMG   414  1617  3187   115  4333  4624  8532     1164535  Sun Aug 30 19:39:48 2009
M3G20090207T003331_V00_LOC.IMG   417  1562  2532  2275  4327     1  1877      558342  Sun Aug 30 19:43:28 2009
M3G20090207T022010_V00_LOC.IMG   420  2142  3248   138  2557     1  2200      656736  Sun Aug 30 19:45:42 2009
M3G20090207T061610_V00_LOC.IMG   423  1446  3324   168  4309  4736  8653     1167391  Sun Aug 30 19:48:04 2009
M3G20090207T082530_V00_LOC.IMG   426  1408  2572  2156  4302     1  1999      594865  Sun Aug 30 19:51:40 2009
M3G20090207T101751_V00_LOC.IMG   431  1370  3396   202  4294  1436  5357     1168272  Sun Aug 30 19:54:33 2009
M3G20090207T121011_V00_LOC.IMG   433  1333  3431   219  4285  4810  8731     1168589  Sun Aug 30 19:56:44 2009
M3G20090207T141950_V00_LOC.IMG   436  1294  2511  2276  4274     1  1882      559700  Sun Aug 30 19:59:35 2009
M3G20090207T161103_V00_LOC.IMG   440  1256  3495   255  4264  1978  5902     1169441  Sun Aug 30 20:02:22 2009
M3G20090207T181550_V00_LOC.IMG   443  1219  2521  2239  4252     1  1923      572144  Sun Aug 30 20:05:19 2009
M3G20090207T200231_V00_LOC.IMG   446  1181  3557   293  4240  4701  8641     1174257  Sun Aug 30 20:07:25 2009
M3G20090207T221151_V00_LOC.IMG   450  1143  2531  2199  4227     1  1964      584420  Sun Aug 30 20:11:25 2009
M3G20090207T235830_V00_LOC.IMG   453  1074  3588   313  4200  3541  7469     1172082  Sun Aug 30 20:15:55 2009
M3G20090208T020750_V00_LOC.IMG   456  1037  2509  2148  4184     1  1999      595796  Sun Aug 30 20:21:11 2009
M3G20090208T035432_V00_LOC.IMG   459  1001  3645   354  4167  4757  8689     1173530  Sun Aug 30 20:23:42 2009
M3G20090208T075032_V00_LOC.IMG   462   928  3696   394  4130  1953  5879     1171984  Sun Aug 30 20:26:25 2009
M3G20090208T100012_V00_LOC.IMG   465   892  2398  2260  4110     1  1866      556290  Sun Aug 30 20:30:45 2009
M3G20090208T114652_V00_LOC.IMG   468   857  3747   437  4090  4640  8567     1172559  Sun Aug 30 20:33:21 2009
M3G20090208T135610_V00_LOC.IMG   471   822  2417  2207  4069     1  1919      572389  Sun Aug 30 20:37:15 2009
M3G20090208T154251_V00_LOC.IMG   474   787  3797   483  4046  2335  6261     1172573  Sun Aug 30 20:40:56 2009
M3G20090208T175211_V00_LOC.IMG   477   753  2429  2167  4023     1  1958      584276  Sun Aug 30 20:45:39 2009
M3G20090208T194335_V00_LOC.IMG   480   720  3842   530  3999  1935  5856     1171262  Sun Aug 30 20:48:18 2009
M3G20090208T214811_V00_LOC.IMG   484   686  2441  2130  3974     1  1995      595494  Sun Aug 30 20:51:19 2009
M3G20090208T233940_V00_LOC.IMG   487   654  3885   578  3947  1932  5851     1171370  Sun Aug 30 20:53:45 2009
M3G20090209T014431_V00_LOC.IMG   491   627  2319  2241  3924     1  1850      551980  Sun Aug 30 20:56:39 2009
M3G20090209T033051_V00_LOC.IMG   494   594  3931   632  3895  4834  8750     1170278  Sun Aug 30 20:58:49 2009
M3G20090209T054031_V00_LOC.IMG   497   562  2334  2193  3866     1  1894      565583  Sun Aug 30 21:02:08 2009
M3G20090209T072710_V00_LOC.IMG   500   531  3969   681  3834  4693  8605     1169595  Sun Aug 30 21:04:18 2009
M3G20090209T212512_V00_LOC.IMG   502   332  2114  2232  3598     1  1722      515239  Sun Aug 30 21:09:52 2009
M3G20090210T012132_V00_LOC.IMG   506   273  1924  2290  3505     1  1564      468740  Sun Aug 30 21:26:11 2009
M3G20090210T051732_V00_LOC.IMG   512   228  1964  2223  3427     1  1629      488418  Sun Aug 30 21:45:56 2009
M3G20090210T210152_V00_LOC.IMG   531    95  2008  2092  3114     1  1731      519024  Sun Aug 30 22:59:35 2009
M3G20090211T005812_V00_LOC.IMG   536    70  1860  2120  3033     1  1601      479984  Sun Aug 30 23:21:38 2009
M3G20090211T045412_V00_LOC.IMG   544    50  1931  2075  2954     1  1679      503343  Sun Aug 30 23:40:45 2009
M3G20090211T085032_V00_LOC.IMG   549    34  1783  2095  2876     1  1551      464796  Sun Aug 30 23:57:32 2009
M3G20090211T124632_V00_LOC.IMG   554   175  1840  2060  2760     1  1467      440100  Mon Aug 31 00:02:58 2009
M3G20090211T203852_V00_LOC.IMG   560     4  1737  2029  2632     1  1537      460427  Mon Aug 31 00:06:30 2009
M3G20090212T003453_V00_LOC.IMG   565     2  1792  2004  2551     1  1594      477396  Mon Aug 31 00:12:02 2009
M3G20090212T043052_V00_LOC.IMG   570     1  1869  1977  2465     1  1671      500398  Mon Aug 31 00:16:02 2009
M3G20090212T082712_V00_LOC.IMG   576     1  1729  1969  2384     1  1550      463960  Mon Aug 31 00:21:05 2009
M3G20090212T122313_V00_LOC.IMG   581     1  1804  1950  2304     1  1621      485323  Mon Aug 31 00:25:24 2009
M3G20090212T161932_V00_LOC.IMG   585   269  1682  1886  2282     1  1265      379500  Mon Aug 31 00:30:44 2009
M3G20090212T162141_V00_LOC.IMG   586     1   279  1875  2234     1   239       70961  Mon Aug 31 00:31:02 2009
M3G20090212T201532_V00_LOC.IMG   591     1  1765  1794  2267     1  1571      470373  Mon Aug 31 00:34:55 2009
M3G20090213T001153_V00_LOC.IMG   597     4  1593  1723  2243     1  1406      421142  Mon Aug 31 00:38:45 2009
M3G20090213T040732_V00_LOC.IMG   601     9  1906  1644  2261     1  1682      503967  Mon Aug 31 00:42:27 2009
M3G20090213T080353_V00_LOC.IMG   605    18  1786  1566  2226     1  1563      468397  Mon Aug 31 00:46:13 2009
M3G20090213T115953_V00_LOC.IMG   609    28  1882  1490  2232     1  1642      492075  Mon Aug 31 00:49:56 2009
M3G20090213T155552_V00_LOC.IMG   613    42  1978  1417  2249     1  1723      516594  Mon Aug 31 00:53:37 2009
M3G20090213T195213_V00_LOC.IMG   617    58  1853  1348  2205     1  1598      479087  Mon Aug 31 00:57:00 2009
M3G20090213T234813_V00_LOC.IMG   622    75  1929  1279  2220     1  1663      498639  Mon Aug 31 01:00:45 2009
M3G20090214T013412_V00_LOC.IMG   625    85  4263  1245  3080  4862  8774     1172523  Mon Aug 31 01:05:53 2009
M3G20090214T034413_V00_LOC.IMG   628    95  2002  1212  2241     1  1727      518009  Mon Aug 31 01:13:08 2009
M3G20090214T074013_V00_LOC.IMG   632   392  2072  1265  2266     1  1520      456000  Mon Aug 31 01:18:14 2009
M3G20090214T074247_V00_LOC.IMG   633   116   533  1144  1593     1   271       81076  Mon Aug 31 01:18:32 2009
