M3G20090201T064933_V00_LOC.IMG   264  3654  4323    93  3551 23355 26496      795366  Sun Aug 30 17:41:03 2009
M3G20090201T085853_V00_LOC.IMG   266  3497  4180    75  3540 16777 19901      935720  Sun Aug 30 17:42:39 2009
M3G20090201T104533_V00_LOC.IMG   269  3340  3988    60  3525 23504 26628      935574  Sun Aug 30 17:46:14 2009
M3G20090201T125453_V00_LOC.IMG   271  3183  3797    46  3511 16869 19992      935362  Sun Aug 30 17:47:48 2009
M3G20090201T150434_V00_LOC.IMG   274  3024  3605    34  3497 10031 13153      935141  Sun Aug 30 17:51:27 2009
M3G20090201T165935_V00_LOC.IMG   276  2866  3413    24  3486 11839 14961      934896  Sun Aug 30 17:53:22 2009
M3G20090201T190019_V00_LOC.IMG   279  2708  3221    16  3476 10272 13392      934652  Sun Aug 30 17:54:49 2009
M3G20090201T203612_V00_LOC.IMG   281  2550  3028     9  3469 23370 26490      934416  Sun Aug 30 17:59:24 2009
M3G20090201T224531_V00_LOC.IMG   283  2391  2835     5  3462 16744 19863      934175  Sun Aug 30 18:01:08 2009
M3G20090202T005641_V00_LOC.IMG   286  2226  2638     2  3457  9030 12149      933923  Sun Aug 30 18:04:08 2009
M3G20090202T024131_V00_LOC.IMG   288  2071  2445     1  3173 16840 19706      859505  Sun Aug 30 18:05:27 2009
M3G20090202T031457_V00_LOC.IMG   289  2066  2405  3168  3454     1   251       73867  Sun Aug 30 18:05:39 2009
M3G20090202T042831_V00_LOC.IMG   291  1903  2251     1  3454 23375 26491      933429  Sun Aug 30 18:07:55 2009
M3G20090202T064453_V00_LOC.IMG   294  1729  2076     2  3458 12595 15712      933282  Sun Aug 30 18:09:25 2009
M3G20090202T090141_V00_LOC.IMG   298  1534  1913     4  3463  1551  4668      933448  Sun Aug 30 18:11:40 2009
M3G20090202T103351_V00_LOC.IMG   300  1340  1750     8  3470 16828 19945      933256  Sun Aug 30 18:12:57 2009
M3G20090202T123639_V00_LOC.IMG   304  1145  1587    14  3479 14040 17158      933405  Sun Aug 30 18:15:19 2009
M3G20090202T142951_V00_LOC.IMG   306   950  1426    22  3489 16906 20022      933150  Sun Aug 30 18:16:50 2009
M3G20090202T161651_V00_LOC.IMG   309   756  1175    33  1948 23431 25164      519709  Sun Aug 30 18:20:00 2009
M3G20090202T165932_V00_LOC.IMG   310   850  1261  1931  3500     1  1384      413603  Sun Aug 30 18:20:14 2009
M3G20090202T182612_V00_LOC.IMG   312   561  1098    44  3514 16788 19907      933739  Sun Aug 30 18:21:36 2009
M3G20090202T201251_V00_LOC.IMG   315   364   934    58  3529 23513 26632      933853  Sun Aug 30 18:24:30 2009
