M3G20090207T204327_V00_LOC.IMG   447  3848  4222   378  3534  3386  6209      116055  Sun Aug 30 20:09:33 2009
M3G20090207T221151_V00_LOC.IMG   450  3657  4247    80  3535 20619 23692      781788  Sun Aug 30 20:14:24 2009
M3G20090208T001912_V00_LOC.IMG   454  3483  4113    63  3520 15111 18184      919825  Sun Aug 30 20:19:24 2009
M3G20090208T021836_V00_LOC.IMG   457  3293  3888    48  3504 14308 17380      919854  Sun Aug 30 20:22:51 2009
M3G20090208T061844_V00_LOC.IMG   460  2912  3437    23  3480 11908 14981      920107  Sun Aug 30 20:25:42 2009
M3G20090208T080838_V00_LOC.IMG   463  2721  3212    14  3471 16703 19776      920327  Sun Aug 30 20:29:06 2009
M3G20090208T101739_V00_LOC.IMG   466  2529  2987     7  3463 10232 13307      920729  Sun Aug 30 20:32:19 2009
M3G20090208T121842_V00_LOC.IMG   469  2339  2761     3  3457  8457 11532      920768  Sun Aug 30 20:35:25 2009
M3G20090208T143051_V00_LOC.IMG   472  2147  2535     1  3453   132  3208      921017  Sun Aug 30 20:40:04 2009
M3G20090208T160125_V00_LOC.IMG   475  1957  2311     1  3452 16326 19403      921267  Sun Aug 30 20:43:59 2009
M3G20090208T175211_V00_LOC.IMG   477  1766  2085     1  3454 20619 23697      921497  Sun Aug 30 20:46:58 2009
M3G20090208T201331_V00_LOC.IMG   481  1552  1860     2  3459  6867  9946      922116  Sun Aug 30 20:49:52 2009
M3G20090208T214811_V00_LOC.IMG   484  1325  1668     6  3465 20653 23732      922043  Sun Aug 30 20:52:27 2009
M3G20090209T000934_V00_LOC.IMG   488  1095  1473    12  3473  6891  9971      922401  Sun Aug 30 20:55:16 2009
M3G20090209T014431_V00_LOC.IMG   491   869  1284    20  3483 20504 23585      922737  Sun Aug 30 20:57:43 2009
M3G20090209T033051_V00_LOC.IMG   494   643  1093    31  3495 27400 30485      923892  Sun Aug 30 21:00:29 2009
M3G20090209T054031_V00_LOC.IMG   497   417   886    44  3150 20541 23299      827262  Sun Aug 30 21:03:15 2009
M3G20090209T062002_V00_LOC.IMG   498   597   904  3137  3510     1   323       95372  Sun Aug 30 21:03:28 2009
