M3G20090126T025311_V00_LOC.IMG   247  1733  2028  2326  2644     1   278       83400  Sun Aug 30 17:22:37 2009
M3G20090207T221151_V00_LOC.IMG   450  3906  4246     2  3444 11349 14455      141519  Sun Aug 30 20:12:40 2009
M3G20090208T001912_V00_LOC.IMG   454  3693  4246     1  3464  5837  8948      794182  Sun Aug 30 20:18:10 2009
M3G20090208T021836_V00_LOC.IMG   457  3499  4025    10  3480  5033  8144      931584  Sun Aug 30 20:22:25 2009
M3G20090208T061844_V00_LOC.IMG   460  3111  3571    41  3508  2631  5743      931714  Sun Aug 30 20:25:18 2009
M3G20090208T080838_V00_LOC.IMG   463  2916  3344    53  3517  7425 10536      931722  Sun Aug 30 20:28:28 2009
M3G20090208T101739_V00_LOC.IMG   466  2722  3116    63  3525   952  4064      931883  Sun Aug 30 20:31:54 2009
M3G20090208T114652_V00_LOC.IMG   468  2527  2863    71   978 17945 18767      246454  Sun Aug 30 20:34:33 2009
M3G20090208T121842_V00_LOC.IMG   469  2538  2888   974  3531     1  2288      684971  Sun Aug 30 20:34:59 2009
M3G20090208T135610_V00_LOC.IMG   471  2332  2661    78  3534 11297 14410      932123  Sun Aug 30 20:39:05 2009
M3G20090208T160125_V00_LOC.IMG   475  2105  2467    82  3535  7042 10155      932158  Sun Aug 30 20:43:18 2009
M3G20090208T175211_V00_LOC.IMG   477  1876  2272    84  3535 11334 14447      932219  Sun Aug 30 20:46:33 2009
M3G20090208T194335_V00_LOC.IMG   480  1672  2077    81  2755 15232 17650      725154  Sun Aug 30 20:49:09 2009
M3G20090208T201331_V00_LOC.IMG   481  1648  1999  2745  3535     1   695      206934  Sun Aug 30 20:49:28 2009
M3G20090208T214811_V00_LOC.IMG   484  1419  1881    77  3532 11366 14479      932201  Sun Aug 30 20:52:00 2009
M3G20090208T233940_V00_LOC.IMG   487  1233  1689    70  2724 15227 17625      719238  Sun Aug 30 20:54:32 2009
M3G20090209T000934_V00_LOC.IMG   488  1192  1560  2709  3527     1   715      212970  Sun Aug 30 20:54:52 2009
M3G20090209T014431_V00_LOC.IMG   491   962  1492    61  3520 11215 14328      932086  Sun Aug 30 20:57:18 2009
M3G20090209T033051_V00_LOC.IMG   494   733  1294    51  3510 18111 21223      931915  Sun Aug 30 21:00:03 2009
M3G20090209T054031_V00_LOC.IMG   497   503  1097    38  3499 11252 14363      931788  Sun Aug 30 21:02:51 2009
M3G20090209T072710_V00_LOC.IMG   500   358   899    23  2540 17960 20229      680513  Sun Aug 30 21:08:31 2009
