M3G20090204T235142_V00_LOC.IMG   355  3514  4199    69  3524  3002  6101      927574  Sun Aug 30 18:54:21 2009
M3G20090205T013151_V00_LOC.IMG   357  3320  3963    51  3509 13559 16658      927846  Sun Aug 30 18:56:12 2009
M3G20090205T074030_V00_LOC.IMG   361  2738  3273    16  3472  5026  8125      927739  Sun Aug 30 18:59:20 2009
M3G20090205T094623_V00_LOC.IMG   364  2544  3043     9  3464   406  3503      927370  Sun Aug 30 19:00:46 2009
M3G20090205T113340_V00_LOC.IMG   367  2346  2812     4  3458  6765  9864      927665  Sun Aug 30 19:03:45 2009
M3G20090205T133443_V00_LOC.IMG   370  2149  2581     1  3454  5009  8107      927591  Sun Aug 30 19:05:08 2009
M3G20090205T153710_V00_LOC.IMG   373  1953  2348     1  3452  2428  5526      927547  Sun Aug 30 19:07:35 2009
M3G20090205T171614_V00_LOC.IMG   375  1757  2116     1  3454 13633 16730      927361  Sun Aug 30 19:08:47 2009
M3G20090205T193313_V00_LOC.IMG   379  1559  1883     2  3459  2478  5576      927415  Sun Aug 30 19:11:02 2009
M3G20090205T211213_V00_LOC.IMG   381  1329  1666     6  3466 13714 16810      927052  Sun Aug 30 19:12:16 2009
M3G20090205T233034_V00_LOC.IMG   385  1094  1466    12  3475  1753  4850      927248  Sun Aug 30 19:14:30 2009
M3G20090206T010833_V00_LOC.IMG   387   850  1256    21  3487 13594 16692      927222  Sun Aug 30 19:15:50 2009
M3G20090206T030351_V00_LOC.IMG   390   615  1056    32  3499 15224 18323      927996  Sun Aug 30 19:17:59 2009
M3G20090206T050647_V00_LOC.IMG   393   380   856    45  3514 12359 15455      926903  Sun Aug 30 19:19:22 2009
M3G20090206T065053_V00_LOC.IMG   396   146   656    61  3531 20592 23687      926688  Sun Aug 30 19:21:43 2009
M3G20090206T092112_V00_LOC.IMG   399     3   456    80  3534  1579  4668      543206  Sun Aug 30 19:24:11 2009
