M3G20090127T023311_V00_LOC.IMG   249  1256  1562  3106  3423     1   278       83400  Sun Aug 30 17:23:21 2009
M3G20090208T135610_V00_LOC.IMG   471  3837  4323     2  3447  8180 11303      350836  Sun Aug 30 20:38:32 2009
M3G20090208T160125_V00_LOC.IMG   475  3676  4305     1  3466  3922  7048      842903  Sun Aug 30 20:42:46 2009
M3G20090208T175211_V00_LOC.IMG   477  3515  4112    10  3483  8215 11340      935655  Sun Aug 30 20:46:24 2009
M3G20090208T194335_V00_LOC.IMG   480  3354  3918    26  3498 12114 15238      935434  Sun Aug 30 20:49:02 2009
M3G20090208T214811_V00_LOC.IMG   484  3192  3722    41  3512  8248 11372      935403  Sun Aug 30 20:51:52 2009
M3G20090208T233940_V00_LOC.IMG   487  3036  3531    54  3524 12109 15233      935314  Sun Aug 30 20:54:25 2009
M3G20090209T014431_V00_LOC.IMG   491  2872  3334    66  3533  8098 11221      935033  Sun Aug 30 20:57:09 2009
M3G20090209T033051_V00_LOC.IMG   494  2708  3137    76  3540 14996 18117      934726  Sun Aug 30 20:59:53 2009
M3G20090209T054031_V00_LOC.IMG   497  2544  2939    84  3546  8137 11258      934452  Sun Aug 30 21:02:41 2009
M3G20090209T072710_V00_LOC.IMG   500  2379  2741    91  3550 14846 17965      934207  Sun Aug 30 21:07:56 2009
M3G20090209T212512_V00_LOC.IMG   502  1033  1572    73  3534  7957 11074      933635  Sun Aug 30 21:12:16 2009
M3G20090209T233432_V00_LOC.IMG   504   837  1409    63  3525  1321  4437      933646  Sun Aug 30 21:18:49 2009
M3G20090210T012132_V00_LOC.IMG   506   627  1225    49  3513  7801 10916      933570  Sun Aug 30 21:28:28 2009
M3G20090210T033052_V00_LOC.IMG   509   430  1062    35  3500  1157  4272      933621  Sun Aug 30 21:36:06 2009
M3G20090210T051732_V00_LOC.IMG   512   232   896    19  3485  7866 10982      933692  Sun Aug 30 21:49:20 2009
M3G20090210T072652_V00_LOC.IMG   515    37   733     2  3467  1218  4334      933783  Sun Aug 30 21:57:57 2009
M3G20090210T112252_V00_LOC.IMG   520   228   408     1  1403  1290  2547       12456  Sun Aug 30 22:13:52 2009
