M3G20090131T112714_V00_LOC.IMG   257  2083  4240  1212  2332 21870 23841      590741  Sun Aug 30 17:34:11 2009
M3G20090131T151551_V00_LOC.IMG   262  2163  4211  1132  2287 26304 28192      565733  Sun Aug 30 17:38:25 2009
M3G20090201T093431_V00_LOC.IMG   267  2140  4048   810  2230  5113  6980      559251  Sun Aug 30 17:43:52 2009
M3G20090201T125453_V00_LOC.IMG   271  2034  4003   748  2292 26214 28187      591218  Sun Aug 30 17:48:52 2009
M3G20090201T190019_V00_LOC.IMG   279  2152  3935   660  2176 19607 21429      545883  Sun Aug 30 17:55:35 2009
M3G20090201T224531_V00_LOC.IMG   283  1887  3879   595  2384 26075 28193      634791  Sun Aug 30 18:01:57 2009
M3G20090202T031457_V00_LOC.IMG   289  2115  3815   531  2153  6459  8285      547109  Sun Aug 30 18:06:07 2009
M3G20090202T064453_V00_LOC.IMG   294  2166  3752   471  2066 21918 23652      519506  Sun Aug 30 18:09:52 2009
M3G20090202T111347_V00_LOC.IMG   301  2062  3687   413  2139  2611  4456      552738  Sun Aug 30 18:13:37 2009
M3G20090202T142951_V00_LOC.IMG   306  3109  3616   358   868 26232 26600      109236  Sun Aug 30 18:17:31 2009
M3G20090202T151458_V00_LOC.IMG   307  1959  3357   659  2221     1  1587      476100  Sun Aug 30 18:17:47 2009
M3G20090202T190909_V00_LOC.IMG   313  2000  3547   309  2139   786  2662      561592  Sun Aug 30 18:22:27 2009
M3G20090203T061431_V00_LOC.IMG   320  1943  3311   176  2090 26139 27997      555783  Sun Aug 30 18:29:07 2009
M3G20090203T163629_V00_LOC.IMG   329  1867  3107    97  2131  7430  9343      572004  Sun Aug 30 18:36:15 2009
M3G20090203T202923_V00_LOC.IMG   335  1783  3023    73  2281  9308 11369      616301  Sun Aug 30 18:39:24 2009
M3G20090204T094731_V00_LOC.IMG   337  1815  2720    16  2122 25896 27796      567658  Sun Aug 30 18:41:16 2009
M3G20090204T142701_V00_LOC.IMG   344  1823  2640     8  2079   301  2157      554549  Sun Aug 30 18:45:53 2009
M3G20090204T173931_V00_LOC.IMG   349  1833  2563     3  2031 25987 27796      540563  Sun Aug 30 18:50:36 2009
M3G20090205T060017_V00_LOC.IMG   358  1796  2304     1  2062  6848  8678      546739  Sun Aug 30 18:57:14 2009
M3G20090205T094623_V00_LOC.IMG   364  1801  2227     1  2015 12745 14530      533252  Sun Aug 30 19:01:39 2009
M3G20090205T133443_V00_LOC.IMG   370  1795  2151     2  2156 17347 19252      569396  Sun Aug 30 19:05:49 2009
M3G20090205T174458_V00_LOC.IMG   376  1772  2091     4  2078  9023 10851      546334  Sun Aug 30 19:09:30 2009
M3G20090205T214723_V00_LOC.IMG   382  1693  2084     9  2000  5315  7063      522423  Sun Aug 30 19:12:57 2009
M3G20090206T010833_V00_LOC.IMG   387  1600  2081    19  2154 25925 27796      559024  Sun Aug 30 19:16:23 2009
M3G20090206T054058_V00_LOC.IMG   394  1518  2065    32  2090  4526  6326      537592  Sun Aug 30 19:20:04 2009
M3G20090206T105850_V00_LOC.IMG   401  1397  2068    56  2187 25934 27796      556220  Sun Aug 30 19:27:02 2009
M3G20090206T145451_V00_LOC.IMG   405  1319  2046    77  2133 25997 27796      537300  Sun Aug 30 19:32:14 2009
M3G20090206T185403_V00_LOC.IMG   410  1243  2021   103  2090 24159 25902      520582  Sun Aug 30 19:36:53 2009
M3G20090206T225721_V00_LOC.IMG   415  1169  2061   131  2263 19906 21791      563140  Sun Aug 30 19:42:50 2009
M3G20090207T065039_V00_LOC.IMG   424  1036  2034   190  2198 19232 21029      536955  Sun Aug 30 19:51:14 2009
M3G20090207T124241_V00_LOC.IMG   434   936  2001   245  2160 20451 22188      519047  Sun Aug 30 19:59:18 2009
M3G20090207T165529_V00_LOC.IMG   441   870  2080   283  2335 10583 12479      566644  Sun Aug 30 20:04:57 2009
M3G20090207T210337_V00_LOC.IMG   448   809  2060   323  2304  3472  5325      553754  Sun Aug 30 20:10:47 2009
M3G20090208T001912_V00_LOC.IMG   454   778  2077   345  2270 27330 29157      546599  Sun Aug 30 20:20:39 2009
M3G20090208T080838_V00_LOC.IMG   463   667  2167   429  2398 28927 30878      583827  Sun Aug 30 20:30:11 2009
M3G20090208T121842_V00_LOC.IMG   469   614  2140   473  2355 20687 22587      568601  Sun Aug 30 20:36:38 2009
M3G20090208T160125_V00_LOC.IMG   475   564  2099   519  2303 28563 30398      549309  Sun Aug 30 20:44:55 2009
M3G20090208T204328_V00_LOC.IMG   482   517  2070   566  2271  1463  3254      536182  Sun Aug 30 20:50:52 2009
M3G20090209T003927_V00_LOC.IMG   489   465  2026   620  2238  1522  3261      520628  Sun Aug 30 20:56:14 2009
M3G20090209T042503_V00_LOC.IMG   495   424  2150   667  2353  7704  9589      564479  Sun Aug 30 21:01:40 2009
M3G20090209T233432_V00_LOC.IMG   504   257  2120   902  2260 25988 27795      541571  Sun Aug 30 21:24:59 2009
M3G20090210T035959_V00_LOC.IMG   510   227  2058   956  2217  8692 10434      522067  Sun Aug 30 21:44:24 2009
M3G20090210T112252_V00_LOC.IMG   520   168  2095  1074  2239 26009 27617      481909  Sun Aug 30 22:22:04 2009
M3G20090210T155054_V00_LOC.IMG   526   141   440  1138  1489  7208  7384       52284  Sun Aug 30 22:38:08 2009
M3G20090210T191512_V00_LOC.IMG   529   116  2124  1203  2253 25974 27795      545601  Sun Aug 30 22:58:08 2009
M3G20090210T233730_V00_LOC.IMG   534    93  2036  1271  2224 10551 12292      521854  Sun Aug 30 23:20:34 2009
M3G20090211T034215_V00_LOC.IMG   542    73  2165  1339  2265  5461  7327      559243  Sun Aug 30 23:39:45 2009
M3G20090211T070332_V00_LOC.IMG   547    54  2078  1414  2244 26007 27799      536887  Sun Aug 30 23:56:33 2009
M3G20090211T105952_V00_LOC.IMG   552    38  2202  1489  2277 25887 27796      572194  Mon Aug 31 00:02:38 2009
M3G20090211T193245_V00_LOC.IMG   558    15  2026  1633  2243  1931  3691      527372  Mon Aug 31 00:06:05 2009
M3G20090211T231038_V00_LOC.IMG   563     8  2153  1705  2257 12695 14573      562768  Mon Aug 31 00:11:30 2009
M3G20090212T024412_V00_LOC.IMG   568     3  2057  1785  2251 26002 27801      539065  Mon Aug 31 00:15:36 2009
M3G20090212T072141_V00_LOC.IMG   574     1  2174  1864  2261  1629  3538      572121  Mon Aug 31 00:20:36 2009
M3G20090212T104932_V00_LOC.IMG   579     1  2067  1946  2264 18312 20131      545109  Mon Aug 31 00:24:47 2009
M3G20090212T143253_V00_LOC.IMG   583     1  2201  1986  2331 25857 27796      580960  Mon Aug 31 00:30:21 2009
M3G20090212T184721_V00_LOC.IMG   589     1  2098  1995  2414 15055 16900      552931  Mon Aug 31 00:34:31 2009
M3G20090212T230728_V00_LOC.IMG   595     1  2232  1982  2494   915  2877      587839  Mon Aug 31 00:38:20 2009
M3G20090213T022112_V00_LOC.IMG   599     4  1965  2025  2580 25883 27603      515401  Mon Aug 31 00:41:52 2009
M3G20090213T061652_V00_LOC.IMG   603    10  2092  2017  2660 26166 27996      548345  Mon Aug 31 00:45:37 2009
M3G20090213T101313_V00_LOC.IMG   607    19  1996  2044  2745 26057 27794      520613  Mon Aug 31 00:49:21 2009
M3G20090213T140913_V00_LOC.IMG   611    32  2125  2033  2832 26143 27992      554145  Mon Aug 31 00:53:05 2009
M3G20090213T180532_V00_LOC.IMG   615    50  2044  2068  2918 26033 27760      517613  Mon Aug 31 00:56:25 2009
M3G20090213T221852_V00_LOC.IMG   620    71  2171  2047  3001 15898 17776      562806  Mon Aug 31 01:00:22 2009
M3G20090214T020800_V00_LOC.IMG   626    95  2093  2089  3082 20028 21823      538027  Mon Aug 31 01:12:29 2009
M3G20090214T055332_V00_LOC.IMG   630   123  2019  2136  3161 26282 27995      513483  Mon Aug 31 01:17:53 2009
M3G20090214T101310_V00_LOC.IMG   636   154  1941  2194  3239 11833 13458      486913  Mon Aug 31 01:22:16 2009
