M3G20090131T085011_V00_LOC.IMG   253  3774  3995   429   762     1   283       56034  Sun Aug 30 17:28:14 2009
M3G20090131T144011_V00_LOC.IMG   261  3356  3664  3275  3501     1   187       55654  Sun Aug 30 17:36:38 2009
M3G20090201T062513_V00_LOC.IMG   263  1557  1847  3055  3378     1   277       83100  Sun Aug 30 17:38:38 2009
M3G20090201T082313_V00_LOC.IMG   265  1331  1625  3114  3441     1   278       83400  Sun Aug 30 17:41:28 2009
M3G20090201T102113_V00_LOC.IMG   268  1105  1401  3153  3487     1   283       84900  Sun Aug 30 17:43:58 2009
M3G20090201T141713_V00_LOC.IMG   272   652   954  3222  3504     1   237       70635  Sun Aug 30 17:49:05 2009
M3G20090201T181311_V00_LOC.IMG   277   204   502  3309  3477     1   132       39284  Sun Aug 30 17:53:33 2009
M3G20090201T201111_V00_LOC.IMG   280     3   272  3339  3459     1    89       24204  Sun Aug 30 17:55:46 2009
M3G20090201T220911_V00_LOC.IMG   282     2    41  3393  3439     1    39        1441  Sun Aug 30 17:59:45 2009
M3G20090213T234813_V00_LOC.IMG   622  3846  4047     1  1301 11084 12282       81400  Mon Aug 31 01:01:57 2009
M3G20090214T000903_V00_LOC.IMG   623  3972  4246  1299  3443     1  1942      125450  Mon Aug 31 01:02:25 2009
M3G20090214T013412_V00_LOC.IMG   625  3652  4101     2  1895 18201 19929      423806  Mon Aug 31 01:08:18 2009
M3G20090214T020800_V00_LOC.IMG   626  3812  4247  1874  3463     1  1415      361117  Mon Aug 31 01:08:58 2009
M3G20090214T034413_V00_LOC.IMG   628  3458  4066    12  3479 11162 14308      942737  Mon Aug 31 01:14:37 2009
M3G20090214T055332_V00_LOC.IMG   630  3264  3837    28  3494  4521  7670      943420  Mon Aug 31 01:16:42 2009
M3G20090214T074247_V00_LOC.IMG   633  3068  3608    42  3507  9720 12871      944077  Mon Aug 31 01:19:24 2009
M3G20090214T094953_V00_LOC.IMG   635  2873  3378    54  3517  4400  7553      944620  Mon Aug 31 01:20:50 2009
