M3G20090210T231132_V00_LOC.IMG   533  3839  4246     1  3443  4241  7351      237490  Sun Aug 30 23:11:47 2009
M3G20090211T011239_V00_LOC.IMG   537  3643  4246     1  3463  2439  5551      841238  Sun Aug 30 23:25:10 2009
M3G20090211T030946_V00_LOC.IMG   540  3448  4042    15  3480  2998  6110      932711  Sun Aug 30 23:34:01 2009
M3G20090211T045412_V00_LOC.IMG   544  3254  3814    30  3495 11035 14148      932926  Sun Aug 30 23:44:25 2009
M3G20090211T070332_V00_LOC.IMG   547  3059  3585    44  3507  4390  7503      932808  Sun Aug 30 23:51:20 2009
M3G20090211T085804_V00_LOC.IMG   550  2864  3356    55  3518  6474  9589      933321  Sun Aug 30 23:59:07 2009
M3G20090211T105952_V00_LOC.IMG   552  2668  3128    65  3525  4266  7382      933657  Mon Aug 31 00:01:18 2009
M3G20090211T185152_V00_LOC.IMG   557  1870  2217    83  3535  4402  7524      935336  Mon Aug 31 00:04:26 2009
M3G20090211T203852_V00_LOC.IMG   560  1638  2021    80  3535 10923 14046      935760  Mon Aug 31 00:08:09 2009
M3G20090211T224812_V00_LOC.IMG   562  1408  1825    75  3532  4276  7401      936253  Mon Aug 31 00:10:05 2009
M3G20090212T003453_V00_LOC.IMG   565  1179  1631    67  3527 10984 14110      936443  Mon Aug 31 00:12:53 2009
M3G20090212T024412_V00_LOC.IMG   568   947  1435    58  3520  4347  7473      936780  Mon Aug 31 00:14:31 2009
M3G20090212T044205_V00_LOC.IMG   571   715  1239    46  3510  4456  7583      937001  Mon Aug 31 00:17:11 2009
M3G20090212T064032_V00_LOC.IMG   573   486  1044    33  3499  4228  7357      937343  Mon Aug 31 00:19:02 2009
M3G20090212T082712_V00_LOC.IMG   576   257   849    18  3484 10947 14076      937479  Mon Aug 31 00:22:01 2009
M3G20090212T103632_V00_LOC.IMG   578    29   655     2  3467  4302  7431      936359  Mon Aug 31 00:23:26 2009
M3G20090212T122313_V00_LOC.IMG   581     2   462     1  3449 11019 14149      386615  Mon Aug 31 00:26:05 2009
