M3G20090206T092112_V00_LOC.IMG   399  3763  4247    92  3534  1581  4672      382898  Sun Aug 30 19:24:03 2009
M3G20090206T105850_V00_LOC.IMG   401  3566  4244    72  3528 13621 16715      926312  Sun Aug 30 19:26:09 2009
M3G20090206T124510_V00_LOC.IMG   403  3365  4009    55  3512 20538 23631      925844  Sun Aug 30 19:29:36 2009
M3G20090206T145451_V00_LOC.IMG   405  3166  3775    40  3497 13695 16786      925518  Sun Aug 30 19:31:05 2009
M3G20090206T164110_V00_LOC.IMG   407  2967  3541    27  3484 20612 23702      925167  Sun Aug 30 19:34:10 2009
M3G20090206T185403_V00_LOC.IMG   410  2769  3308    17  3473 11868 14957      924765  Sun Aug 30 19:36:00 2009
M3G20090206T203710_V00_LOC.IMG   412  2571  3074    10  3465 20676 23763      924322  Sun Aug 30 19:38:55 2009
M3G20090206T225721_V00_LOC.IMG   415  2374  2841     4  3458  7628 10714      923874  Sun Aug 30 19:41:44 2009
M3G20090207T003331_V00_LOC.IMG   417  2185  2612     1  3454 20538 23622      923451  Sun Aug 30 19:44:52 2009
M3G20090207T044515_V00_LOC.IMG   421  1794  2147     1  3454 11320 14401      922420  Sun Aug 30 19:47:13 2009
M3G20090207T065039_V00_LOC.IMG   424  1598  1916     2  3458  6983 10062      921810  Sun Aug 30 19:50:20 2009
M3G20090207T083836_V00_LOC.IMG   427  1376  1687     5  3464 12938 16015      921390  Sun Aug 30 19:53:10 2009
M3G20090207T101751_V00_LOC.IMG   431  1147  1490    11  3473 24012 27088      920996  Sun Aug 30 19:55:52 2009
M3G20090207T124241_V00_LOC.IMG   434   918  1296    19  3483  8219 11295      920641  Sun Aug 30 19:58:25 2009
M3G20090207T142313_V00_LOC.IMG   437   690  1101    29  3495 18544 21619      920425  Sun Aug 30 20:01:02 2009
M3G20090207T161103_V00_LOC.IMG   440   462   840    41  1913 24556 26197      492086  Sun Aug 30 20:03:40 2009
M3G20090207T165529_V00_LOC.IMG   441   551   907  1901  3509     1  1432      427880  Sun Aug 30 20:04:00 2009
M3G20090207T183846_V00_LOC.IMG   444   235   714    56  3524  7060 10133      920141  Sun Aug 30 20:06:32 2009
M3G20090207T204327_V00_LOC.IMG   447     8   522    73  3534  3136  6204      804010  Sun Aug 30 20:09:41 2009
M3G20090207T221151_V00_LOC.IMG   450     2   330    92  3534 20620 23687      138214  Sun Aug 30 20:14:42 2009
