M3G20090204T233457_V00_LOC.IMG   352  3860  4323     2  3446   468  3582      319346  Sun Aug 30 18:52:55 2009
M3G20090205T013151_V00_LOC.IMG   357  3725  4324     2  3464  1137  4255      762105  Sun Aug 30 18:55:23 2009
M3G20090205T071411_V00_LOC.IMG   360  3235  3733    37  3511  8123 11242      933758  Sun Aug 30 18:58:36 2009
M3G20090205T092400_V00_LOC.IMG   363  3071  3536    51  3523  1181  4301      933838  Sun Aug 30 19:00:02 2009
M3G20090205T111013_V00_LOC.IMG   366  2907  3338    64  3533  8165 11285      933959  Sun Aug 30 19:03:00 2009
M3G20090205T131953_V00_LOC.IMG   369  2742  3140    74  3540  1324  4444      934080  Sun Aug 30 19:04:22 2009
M3G20090205T150614_V00_LOC.IMG   372  2577  2941    83  3546  8243 11363      934172  Sun Aug 30 19:06:50 2009
M3G20090205T171614_V00_LOC.IMG   375  2413  2759    89  3550  1206  4327      934284  Sun Aug 30 19:08:14 2009
M3G20090205T190233_V00_LOC.IMG   378  2214  2594    95  3551  8128 11245      933342  Sun Aug 30 19:10:17 2009
M3G20090205T211213_V00_LOC.IMG   381  2014  2430    99  3552  1288  4409      934385  Sun Aug 30 19:11:42 2009
M3G20090205T225833_V00_LOC.IMG   384  1815  2266    99  3551  8205 11326      934371  Sun Aug 30 19:13:44 2009
M3G20090206T010833_V00_LOC.IMG   387  1616  2106    96  3550  1165  4289      935399  Sun Aug 30 19:15:14 2009
M3G20090206T030351_V00_LOC.IMG   390  1417  1943    91  3546  2798  5919      934468  Sun Aug 30 19:17:24 2009
M3G20090206T050433_V00_LOC.IMG   392  1427  1780    84   168  1252  1316       18960  Sun Aug 30 19:18:25 2009
M3G20090206T050647_V00_LOC.IMG   393  1218  1774   151  3541     1  3056      915188  Sun Aug 30 19:18:47 2009
M3G20090206T065053_V00_LOC.IMG   396  1019  1617    76  3534  8167 11289      934633  Sun Aug 30 19:21:07 2009
M3G20090206T084850_V00_LOC.IMG   398   820  1454    66  3525  8236 11358      934755  Sun Aug 30 19:22:51 2009
M3G20090206T105850_V00_LOC.IMG   401   623  1293    54  3513  1197  4320      934942  Sun Aug 30 19:24:57 2009
M3G20090206T124510_V00_LOC.IMG   403   425  1131    41  3500  8114 11237      935005  Sun Aug 30 19:28:37 2009
M3G20090206T145451_V00_LOC.IMG   405   228   970    26  3484  1272  4396      935239  Sun Aug 30 19:30:28 2009
M3G20090206T164110_V00_LOC.IMG   407    32   809    10  3468  8190 11314      935298  Sun Aug 30 19:33:34 2009
M3G20090206T185050_V00_LOC.IMG   409   317   648     2   645  1359  1897      118082  Sun Aug 30 19:34:52 2009
M3G20090206T185403_V00_LOC.IMG   410     1   560   621  3448     1  2567      467313  Sun Aug 30 19:35:25 2009
M3G20090206T203710_V00_LOC.IMG   412    96   488     2  2587  8258 10601      102451  Sun Aug 30 19:38:19 2009
