M3G20090207T221151_V00_LOC.IMG   450  4109  4254     1  3447 14451 17547      334079  Sun Aug 30 20:13:16 2009
M3G20090208T001912_V00_LOC.IMG   454  3881  4254     1  3447  8942 12039      927009  Sun Aug 30 20:18:44 2009
M3G20090208T021836_V00_LOC.IMG   457  3654  4030     1  3447  8138 11236      927486  Sun Aug 30 20:22:33 2009
M3G20090208T061844_V00_LOC.IMG   460  3199  3575     1  3447  5737  8835      927611  Sun Aug 30 20:25:26 2009
M3G20090208T080838_V00_LOC.IMG   463  2975  3348     1  3447 10531 13629      927705  Sun Aug 30 20:28:41 2009
M3G20090208T101739_V00_LOC.IMG   466  2745  3119     1  3447  4058  7157      927971  Sun Aug 30 20:32:03 2009
M3G20090208T121842_V00_LOC.IMG   469  2517  2891     1  3447  2282  5382      928067  Sun Aug 30 20:35:08 2009
M3G20090208T135610_V00_LOC.IMG   471  2291  2664     1  3447 14404 17504      928258  Sun Aug 30 20:39:20 2009
M3G20090208T160125_V00_LOC.IMG   475  2064  2436     1  3447 10149 13249      928443  Sun Aug 30 20:43:35 2009
M3G20090208T175211_V00_LOC.IMG   477  1836  2209     1  3447 14441 17542      928537  Sun Aug 30 20:46:41 2009
M3G20090208T201331_V00_LOC.IMG   481  1608  1980     1  3447   689  3790      928658  Sun Aug 30 20:49:36 2009
M3G20090208T214811_V00_LOC.IMG   484  1381  1751     1  3447 14474 17575      928657  Sun Aug 30 20:52:09 2009
M3G20090209T000934_V00_LOC.IMG   488  1152  1524     1  3447   709  3811      928878  Sun Aug 30 20:55:00 2009
M3G20090209T014431_V00_LOC.IMG   491   924  1295     1  3447 14322 17424      928858  Sun Aug 30 20:57:26 2009
M3G20090209T033051_V00_LOC.IMG   494   696  1064     1  3447 21218 24319      928863  Sun Aug 30 21:00:11 2009
M3G20090209T054031_V00_LOC.IMG   497   467   834     1  3447 14358 17460      928850  Sun Aug 30 21:02:59 2009
