M3G20090211T185152_V00_LOC.IMG   557  3539  4111   317  1549 22971 24103      184272  Mon Aug 31 00:05:32 2009
M3G20090211T193245_V00_LOC.IMG   558  2782  3673  1499  3606     1  1936      278531  Mon Aug 31 00:06:00 2009
M3G20090211T231038_V00_LOC.IMG   563  2709  4041   258  3606  9632 12700      847149  Mon Aug 31 00:11:24 2009
M3G20090212T024412_V00_LOC.IMG   568  2627  3849   201  3607 22937 26012      919232  Mon Aug 31 00:15:29 2009
M3G20090212T064032_V00_LOC.IMG   573  3001  3660   152  1765 22827 24262      430280  Mon Aug 31 00:20:06 2009
M3G20090212T072141_V00_LOC.IMG   574  2547  3278  1700  3583     1  1640      489279  Mon Aug 31 00:20:27 2009
M3G20090212T104932_V00_LOC.IMG   579  2462  3466   110  3557 15246 18323      920149  Mon Aug 31 00:24:40 2009
M3G20090212T143253_V00_LOC.IMG   583  2378  3270    75  3534 22790 25868      920487  Mon Aug 31 00:30:12 2009
M3G20090212T184721_V00_LOC.IMG   589  2293  3071    47  3514 11986 15066      920909  Mon Aug 31 00:34:24 2009
M3G20090212T222453_V00_LOC.IMG   594  2331  2872    25  2438 22961 25114      645651  Mon Aug 31 00:37:57 2009
M3G20090212T230728_V00_LOC.IMG   595  2211  2625  2410  3497     1   927      275261  Mon Aug 31 00:38:13 2009
M3G20090213T022112_V00_LOC.IMG   599  2121  2665    10  3482 22813 25894      921379  Mon Aug 31 00:41:45 2009
M3G20090213T061652_V00_LOC.IMG   603  2038  2465     2  3470 23095 26177      921710  Mon Aug 31 00:45:30 2009
M3G20090213T101313_V00_LOC.IMG   607  1948  2262     1  3461 22984 26067      922036  Mon Aug 31 00:49:15 2009
M3G20090213T140913_V00_LOC.IMG   611  1762  2165     1  3461 23070 26153      922228  Mon Aug 31 00:52:59 2009
M3G20090213T180532_V00_LOC.IMG   615  1552  2070     5  3470 22960 26042      922223  Mon Aug 31 00:56:19 2009
M3G20090213T221852_V00_LOC.IMG   620  1343  1977    16  3483 12826 15906      921900  Mon Aug 31 01:00:15 2009
M3G20090214T020800_V00_LOC.IMG   626  1137  1887    34  3499 16958 20036      921175  Mon Aug 31 01:12:18 2009
M3G20090214T055332_V00_LOC.IMG   630   933  1795    61  3518 23215 26289      920268  Mon Aug 31 01:17:45 2009
M3G20090214T101310_V00_LOC.IMG   636   729  1703    94  3540  8769 11841      919426  Mon Aug 31 01:22:10 2009
