M3G20090209T212512_V00_LOC.IMG   502  2860  3204     1  3447 17272 20367      927057  Sun Aug 30 21:14:43 2009
M3G20090209T233432_V00_LOC.IMG   504  2634  2976     1  3447 10637 13731      927165  Sun Aug 30 21:21:16 2009
M3G20090210T014535_V00_LOC.IMG   507  2416  2748     1  3447  2938  6032      927240  Sun Aug 30 21:31:24 2009
M3G20090210T033052_V00_LOC.IMG   509  2189  2520     1  3447 10473 13568      927362  Sun Aug 30 21:39:20 2009
M3G20090210T051732_V00_LOC.IMG   512  1964  2292     1  3447 17183 20279      927554  Sun Aug 30 21:52:41 2009
M3G20090210T072652_V00_LOC.IMG   515  1737  2064     1  3447 10536 13633      927713  Sun Aug 30 22:00:56 2009
M3G20090210T094056_V00_LOC.IMG   518  1510  1836     1  3447  1097  4193      927842  Sun Aug 30 22:07:44 2009
M3G20090210T112252_V00_LOC.IMG   520  1282  1608     1  3447 10607 13704      927904  Sun Aug 30 22:16:59 2009
M3G20090210T132052_V00_LOC.IMG   523  1063  1380     1  1951 10643 12410      529928  Sun Aug 30 22:27:27 2009
M3G20090210T151912_V00_LOC.IMG   525   827  1151     1  3447 10485 13582      928009  Sun Aug 30 22:33:14 2009
M3G20090210T171205_V00_LOC.IMG   527   600   922     1  3447 13548 16645      928105  Sun Aug 30 22:44:14 2009
M3G20090210T191512_V00_LOC.IMG   529   372   694     1  3447 10566 13663      928130  Sun Aug 30 22:53:00 2009
M3G20090210T210152_V00_LOC.IMG   531   145   465     1  3447 17287 20385      928160  Sun Aug 30 23:05:39 2009
M3G20090210T231132_V00_LOC.IMG   533     1   236     1  3447 10449 13547      696318  Sun Aug 30 23:15:54 2009
M3G20090211T011239_V00_LOC.IMG   537     1    10     1  3447  8654 11748       21257  Sun Aug 30 23:28:45 2009
