M3G20090202T161651_V00_LOC.IMG   309  3495  4392     1  3386  4782  7885      322987  Sun Aug 30 18:18:55 2009
M3G20090202T182612_V00_LOC.IMG   312  3826  4391  2004  3418     1  1240      302631  Sun Aug 30 18:20:39 2009
M3G20090202T201251_V00_LOC.IMG   315  3312  4286     1  3448  4862  7967      916719  Sun Aug 30 18:23:30 2009
M3G20090202T222211_V00_LOC.IMG   317  3558  4136  1955  3474     1  1320      394833  Sun Aug 30 18:24:54 2009
M3G20090203T041059_V00_LOC.IMG   318  2949  3692    70  3542  1386  4491      929866  Sun Aug 30 18:25:27 2009
M3G20090203T061431_V00_LOC.IMG   320  3067  3540  2117  3560     1  1258      376005  Sun Aug 30 18:27:22 2009
M3G20090203T080104_V00_LOC.IMG   322  2762  3388   101  3575  4941  8047      929954  Sun Aug 30 18:30:17 2009
M3G20090203T135512_V00_LOC.IMG   325  2477  2927   136  3606  4956  8063      930079  Sun Aug 30 18:32:39 2009
M3G20090203T160452_V00_LOC.IMG   328  2418  2771  2235  3612     1  1217      363430  Sun Aug 30 18:34:29 2009
M3G20090203T175131_V00_LOC.IMG   331  2283  2616   152  3615  4828  7937      930387  Sun Aug 30 18:36:56 2009
M3G20090203T200051_V00_LOC.IMG   334  2128  2478  2167  3616     1  1288      384741  Sun Aug 30 18:37:55 2009
M3G20090204T094731_V00_LOC.IMG   337  1032  1534  2307  3578     1  1111      331435  Sun Aug 30 18:39:48 2009
M3G20090204T113444_V00_LOC.IMG   340   874  1727   113  3563  4373  7495      933689  Sun Aug 30 18:42:27 2009
M3G20090204T134332_V00_LOC.IMG   343   716  1269  2214  3544     1  1161      346448  Sun Aug 30 18:43:53 2009
M3G20090204T152951_V00_LOC.IMG   346   557  1525    82  3524  4951  8073      933983  Sun Aug 30 18:46:56 2009
M3G20090204T173931_V00_LOC.IMG   349   399  1007  2100  3501     1  1222      364775  Sun Aug 30 18:48:25 2009
M3G20090204T192552_V00_LOC.IMG   351   240  1321    43  3474  5004  8127      934183  Sun Aug 30 18:51:44 2009
M3G20090204T233457_V00_LOC.IMG   352     2   387  2843  3412     1   467      108928  Sun Aug 30 18:52:39 2009
M3G20090205T013151_V00_LOC.IMG   357     2   466  2116  3383     1  1136      149682  Sun Aug 30 18:55:13 2009
