M3G20090125T171718_V00_LOC.IMG   243  3613  4111  2622  3332     1   598      172843  Sun Aug 30 17:11:51 2009
M3G20090208T075032_V00_LOC.IMG   462  2953  3663   113  2034     1  1847       10691  Sun Aug 30 20:26:35 2009
M3G20090208T080838_V00_LOC.IMG   463  3652  4111  2033  3247     1  1184       19506  Sun Aug 30 20:27:33 2009
M3G20090208T100012_V00_LOC.IMG   465  2869  4110     2  3282  1865  5003      227483  Sun Aug 30 20:30:59 2009
M3G20090208T114652_V00_LOC.IMG   468  2827  4111     2  3314  8563 11703      428855  Sun Aug 30 20:33:30 2009
M3G20090208T135610_V00_LOC.IMG   471  2783  4111     1  3345  1912  5055      630485  Sun Aug 30 20:37:36 2009
M3G20090208T154251_V00_LOC.IMG   474  2740  3788     3  2537     1  2344      550902  Sun Aug 30 20:41:03 2009
M3G20090208T160125_V00_LOC.IMG   475  3458  4025  2443  3374     1   800      238138  Sun Aug 30 20:42:07 2009
M3G20090208T175211_V00_LOC.IMG   477  2696  3928     2  3402  1946  5093      872915  Sun Aug 30 20:45:56 2009
M3G20090208T194335_V00_LOC.IMG   480  2652  3829     2  3428  5841  8992      916913  Sun Aug 30 20:48:29 2009
M3G20090208T214811_V00_LOC.IMG   484  2607  3729     2  3453  1977  5128      936311  Sun Aug 30 20:51:30 2009
M3G20090208T233940_V00_LOC.IMG   487  2561  3628     4  3476  5831  8983      940508  Sun Aug 30 20:53:56 2009
M3G20090209T014431_V00_LOC.IMG   491  2524  3533    17  3495  1829  4980      940128  Sun Aug 30 20:56:50 2009
M3G20090209T033051_V00_LOC.IMG   494  2476  3429    33  3514  8730 11878      939581  Sun Aug 30 20:59:00 2009
M3G20090209T054031_V00_LOC.IMG   497  2428  3324    48  3532  1876  5021      939026  Sun Aug 30 21:02:22 2009
M3G20090209T072710_V00_LOC.IMG   500  2380  3218    62  3549  8588 11731      938527  Sun Aug 30 21:04:29 2009
M3G20090209T212512_V00_LOC.IMG   502  2040  2477   133  3607  1713  4844      936778  Sun Aug 30 21:10:36 2009
M3G20090210T012132_V00_LOC.IMG   506  1913  2264   146  3607  1560  4686      936396  Sun Aug 30 21:26:49 2009
M3G20090210T051732_V00_LOC.IMG   512  1695  2165   144  3607  1627  4751      936254  Sun Aug 30 21:47:07 2009
M3G20090210T171205_V00_LOC.IMG   527  1076  1571  2321  3571     1  1114      333493  Sun Aug 30 22:39:06 2009
M3G20090210T210152_V00_LOC.IMG   531   873  1793    81  3544  1729  4852      935955  Sun Aug 30 23:00:48 2009
M3G20090211T005812_V00_LOC.IMG   536   669  1703    56  3510  1598  4724      936493  Sun Aug 30 23:22:29 2009
M3G20090211T045412_V00_LOC.IMG   544   470  1617    30  3470  1676  4803      936843  Sun Aug 30 23:41:41 2009
M3G20090211T085032_V00_LOC.IMG   549   345  1533     2  3172  1547  4437      866275  Sun Aug 30 23:57:51 2009
M3G20090211T085804_V00_LOC.IMG   550   275   667  3085  3423     1   238       70716  Sun Aug 30 23:58:10 2009
M3G20090211T203852_V00_LOC.IMG   560     2  1283     2  3243  1538  4670      127365  Mon Aug 31 00:06:48 2009
M3G20090212T003453_V00_LOC.IMG   565  1196  1203     2    17  1595  1609          15  Mon Aug 31 00:12:05 2009
