M3G20090125T172601_V00_LOC.IMG   244  2823  4111     2  3289  1934  5030      348229  Sun Aug 30 17:12:46 2009
M3G20090207T121011_V00_LOC.IMG   433  2896  2941     2    82  4769  4846         541  Sun Aug 30 19:56:57 2009
M3G20090207T161103_V00_LOC.IMG   440  2819  3132     2   596  1443  2014       22608  Sun Aug 30 20:02:38 2009
M3G20090207T200231_V00_LOC.IMG   446  2741  3454     2  1466  3320  4737       99495  Sun Aug 30 20:07:44 2009
M3G20090207T235830_V00_LOC.IMG   453  2701  3871     2  2589  7438  9958      224192  Sun Aug 30 20:16:23 2009
M3G20090208T035432_V00_LOC.IMG   459  2625  4110     2  3285  1621  4788      568716  Sun Aug 30 20:24:12 2009
M3G20090208T075032_V00_LOC.IMG   462  2554  4111     2  3345  5849  9023      923785  Sun Aug 30 20:26:53 2009
M3G20090208T114652_V00_LOC.IMG   468  2481  3944    27  3399  1499  4669      943606  Sun Aug 30 20:34:01 2009
M3G20090208T154251_V00_LOC.IMG   474  2408  3759    50  3446  6234  9401      943261  Sun Aug 30 20:41:31 2009
M3G20090208T193851_V00_LOC.IMG   479  2905  3576  2148  3487     1  1203      359977  Sun Aug 30 20:47:35 2009
M3G20090208T194335_V00_LOC.IMG   480  2336  3242    70  2237     1  1961      582312  Sun Aug 30 20:48:43 2009
M3G20090208T233450_V00_LOC.IMG   486  2761  3391  2182  3522     1  1203      360043  Sun Aug 30 20:53:02 2009
M3G20090208T233940_V00_LOC.IMG   487  2266  3099    88  2260     1  1956      581194  Sun Aug 30 20:54:07 2009
M3G20090209T033051_V00_LOC.IMG   494  2189  3195   106  3552  1704  4858      940118  Sun Aug 30 20:59:21 2009
M3G20090209T072710_V00_LOC.IMG   500  2121  3010   119  3574  1566  4715      939032  Sun Aug 30 21:05:17 2009
