M3G20090204T233457_V00_LOC.IMG   352  3778  4003     1   830  3576  4328      109444  Sun Aug 30 18:53:09 2009
M3G20090204T234545_V00_LOC.IMG   353  3993  4247  3082  3456     1   321       65358  Sun Aug 30 18:53:17 2009
M3G20090205T013151_V00_LOC.IMG   357  3601  4129     1  3474  4249  7363      932419  Sun Aug 30 18:55:43 2009
M3G20090205T071411_V00_LOC.IMG   360  3009  3435    47  3514 11236 14350      932469  Sun Aug 30 18:58:44 2009
M3G20090205T092400_V00_LOC.IMG   363  2810  3203    58  3523  4295  7409      932523  Sun Aug 30 19:00:11 2009
M3G20090205T111013_V00_LOC.IMG   366  2612  2963    68  2885 11279 13822      762727  Sun Aug 30 19:03:06 2009
M3G20090205T113340_V00_LOC.IMG   367  2635  2970  2881  3529     1   569      169344  Sun Aug 30 19:03:21 2009
M3G20090205T131953_V00_LOC.IMG   369  2404  2741    76  3534  4438  7553      932808  Sun Aug 30 19:04:30 2009
M3G20090205T150614_V00_LOC.IMG   372  2170  2542    81  3535 11357 14472      932811  Sun Aug 30 19:06:59 2009
M3G20090205T171614_V00_LOC.IMG   375  1941  2344    84  3535  4321  7436      932909  Sun Aug 30 19:08:22 2009
M3G20090205T190233_V00_LOC.IMG   378  1703  2144    82  3535 11239 14358      933982  Sun Aug 30 19:10:26 2009
M3G20090205T211213_V00_LOC.IMG   381  1468  1945    78  3533  4403  7518      932920  Sun Aug 30 19:11:51 2009
M3G20090205T225833_V00_LOC.IMG   384  1234  1745    72  3528 11320 14435      932914  Sun Aug 30 19:13:53 2009
M3G20090206T010833_V00_LOC.IMG   387   996  1547    64  3521  4284  7399      932954  Sun Aug 30 19:15:24 2009
M3G20090206T030351_V00_LOC.IMG   390   761  1347    53  3512  5913  9029      932946  Sun Aug 30 19:17:33 2009
M3G20090206T050647_V00_LOC.IMG   393   526  1148    41  3500  3050  6165      932922  Sun Aug 30 19:18:56 2009
M3G20090206T065053_V00_LOC.IMG   396   292   949    27  3485 11283 14398      932954  Sun Aug 30 19:21:17 2009
M3G20090206T084850_V00_LOC.IMG   398    58   751    11  3469 11352 14467      932964  Sun Aug 30 19:23:00 2009
M3G20090206T105850_V00_LOC.IMG   401     2   554     1  3450  4314  7426      550762  Sun Aug 30 19:25:24 2009
M3G20090206T124510_V00_LOC.IMG   403   224   356     1  1054 11232 12198       15119  Sun Aug 30 19:29:02 2009
