M3G20090125T171718_V00_LOC.IMG   243  1906  2206   159   311   590   726       39133  Sun Aug 30 17:11:57 2009
M3G20090207T061610_V00_LOC.IMG   423  3514  4392     1  3394 11782 14901      326893  Sun Aug 30 19:48:51 2009
M3G20090207T082530_V00_LOC.IMG   426  3415  4250     1  2825  5125  7716      532972  Sun Aug 30 19:52:01 2009
M3G20090207T083836_V00_LOC.IMG   427  3951  4391  2771  3427     1   543      146889  Sun Aug 30 19:52:25 2009
M3G20090207T101751_V00_LOC.IMG   431  3317  4254     2  3457  8481 11619      904328  Sun Aug 30 19:55:04 2009
M3G20090207T121011_V00_LOC.IMG   433  3217  4098     7  3485 11855 14995      938979  Sun Aug 30 19:57:18 2009
M3G20090207T142313_V00_LOC.IMG   437  3116  3940    30  3511  3014  6155      939093  Sun Aug 30 20:00:18 2009
M3G20090207T161103_V00_LOC.IMG   440  3016  3784    51  3533  9026 12167      939149  Sun Aug 30 20:02:59 2009
M3G20090207T181550_V00_LOC.IMG   443  2916  3626    69  3552  5048  8189      939253  Sun Aug 30 20:05:39 2009
M3G20090207T200231_V00_LOC.IMG   446  2815  3469    87  3569 11751 14892      939206  Sun Aug 30 20:08:16 2009
M3G20090207T221151_V00_LOC.IMG   450  2714  3309   103  3584  5090  8231      939315  Sun Aug 30 20:12:06 2009
M3G20090207T235830_V00_LOC.IMG   453  2580  2952   121   590     1   414      123137  Sun Aug 30 20:16:45 2009
M3G20090208T001912_V00_LOC.IMG   454  2606  3123   572  3598     1  2725      815670  Sun Aug 30 20:17:31 2009
M3G20090208T020750_V00_LOC.IMG   456  2478  2878   132  1472  5126  6342      363944  Sun Aug 30 20:21:36 2009
M3G20090208T021836_V00_LOC.IMG   457  2531  2964  1460  3606     1  1921      574543  Sun Aug 30 20:21:59 2009
M3G20090208T035432_V00_LOC.IMG   459  2376  2764   142  1907 11816 13423      481187  Sun Aug 30 20:24:35 2009
M3G20090208T080838_V00_LOC.IMG   463  2131  2518   158  3616  1175  4313      938971  Sun Aug 30 20:27:59 2009
M3G20090208T100012_V00_LOC.IMG   465  1971  2415   161  3616  4993  8132      938983  Sun Aug 30 20:31:23 2009
M3G20090208T114652_V00_LOC.IMG   468  1811  2312   161  3616 11694 14832      939010  Sun Aug 30 20:34:10 2009
M3G20090208T135610_V00_LOC.IMG   471  1651  2209   156  3614  5046  8184      938969  Sun Aug 30 20:38:14 2009
M3G20090208T160125_V00_LOC.IMG   475  1490  2105   150  3609   792  3929      938874  Sun Aug 30 20:42:27 2009
M3G20090208T175211_V00_LOC.IMG   477  1330  2002   141  3601  5085  8221      938692  Sun Aug 30 20:46:14 2009
M3G20090208T194335_V00_LOC.IMG   480  1170  1898   131  3591  8984 12121      938708  Sun Aug 30 20:48:53 2009
M3G20090208T214811_V00_LOC.IMG   484  1009  1794   119  3577  5120  8254      938204  Sun Aug 30 20:51:42 2009
M3G20090208T233940_V00_LOC.IMG   487   855  1689   105  3562  8975 12115      939876  Sun Aug 30 20:54:16 2009
M3G20090209T014431_V00_LOC.IMG   491   694  1591    90  3544  4972  8104      937592  Sun Aug 30 20:57:00 2009
M3G20090209T033051_V00_LOC.IMG   494   533  1484    72  3522 11871 15001      937206  Sun Aug 30 20:59:31 2009
M3G20090209T054031_V00_LOC.IMG   497   372  1378    53  3497  5014  8143      936777  Sun Aug 30 21:02:33 2009
M3G20090209T072710_V00_LOC.IMG   500   212  1271    31  3470 11724 14851      936416  Sun Aug 30 21:06:09 2009
