M3G20090201T093431_V00_LOC.IMG   267  2769  4111   346  3606  2003  5124      311580  Sun Aug 30 17:43:21 2009
M3G20090201T125453_V00_LOC.IMG   271  2689  4111   282  3606 23103 26225      724590  Sun Aug 30 17:48:20 2009
M3G20090201T190019_V00_LOC.IMG   279  2570  3875   197  3597 16500 19618      932568  Sun Aug 30 17:55:22 2009
M3G20090201T224531_V00_LOC.IMG   283  2477  3682   149  3565 22969 26086      932148  Sun Aug 30 18:01:42 2009
M3G20090202T031457_V00_LOC.IMG   289  2381  3475   106  3538  3354  6471      931776  Sun Aug 30 18:06:00 2009
M3G20090202T064453_V00_LOC.IMG   294  2286  3271    70  3515 18814 21931      931485  Sun Aug 30 18:09:45 2009
M3G20090202T103351_V00_LOC.IMG   300  2666  3064    41   615 23047 23539      147278  Sun Aug 30 18:13:12 2009
M3G20090202T111347_V00_LOC.IMG   301  2188  2975   568  3495     1  2625      784062  Sun Aug 30 18:13:30 2009
M3G20090202T142951_V00_LOC.IMG   306  2088  2852    21  3478 23127 26249      932071  Sun Aug 30 18:17:28 2009
M3G20090202T182612_V00_LOC.IMG   312  2086  2647     7  2574 23010 25329      695264  Sun Aug 30 18:22:05 2009
M3G20090202T190909_V00_LOC.IMG   313  1993  2403  2547  3467     1   804      237008  Sun Aug 30 18:22:20 2009
M3G20090203T061431_V00_LOC.IMG   320  1685  2023     1  3480 23030 26162      933645  Sun Aug 30 18:28:53 2009
M3G20090203T163629_V00_LOC.IMG   329  1165  1785    29  3525  4325  7455      932844  Sun Aug 30 18:36:02 2009
M3G20090203T202923_V00_LOC.IMG   335   960  1692    54  3549  6207  9334      931740  Sun Aug 30 18:39:17 2009
M3G20090204T094731_V00_LOC.IMG   337   259  1372   197  3606 22810 25903      866834  Sun Aug 30 18:41:09 2009
M3G20090204T134332_V00_LOC.IMG   343    69  1196   252  3278 22856 25638      661535  Sun Aug 30 18:45:30 2009
M3G20090204T142701_V00_LOC.IMG   344  1081  1291  3243  3607     1   302       31854  Sun Aug 30 18:45:42 2009
M3G20090204T173931_V00_LOC.IMG   349     2  1215   312  3606 22905 25986      287846  Sun Aug 30 18:50:24 2009
