M3G20090131T091031_V00_LOC.IMG   254  3922  4254     1  3447 17325 20436      925654  Sun Aug 30 17:30:30 2009
M3G20090131T112714_V00_LOC.IMG   257  3691  4030     1  3447  6340  9453      932538  Sun Aug 30 17:33:05 2009
M3G20090131T130631_V00_LOC.IMG   259  3462  3803     1  3447 17411 20525      933022  Sun Aug 30 17:35:57 2009
M3G20090131T151551_V00_LOC.IMG   262  3231  3575     1  3447 10753 13869      933473  Sun Aug 30 17:37:33 2009
M3G20090201T064933_V00_LOC.IMG   264  1412  1768     1  3447 17119 20240      935233  Sun Aug 30 17:40:35 2009
M3G20090201T085853_V00_LOC.IMG   266  1187  1543     1  3447 10540 13662      935264  Sun Aug 30 17:42:20 2009
M3G20090201T104533_V00_LOC.IMG   269   961  1318     1  3447 17268 20390      935204  Sun Aug 30 17:45:54 2009
M3G20090201T125453_V00_LOC.IMG   271   736  1093     1  3447 10634 13755      935133  Sun Aug 30 17:47:28 2009
M3G20090201T150434_V00_LOC.IMG   274   511   868     1  3447  3797  6917      934995  Sun Aug 30 17:51:08 2009
M3G20090201T165935_V00_LOC.IMG   276   286   643     1  3447  5606  8726      934921  Sun Aug 30 17:53:02 2009
M3G20090201T190019_V00_LOC.IMG   279    61   418     1  3447  4039  7159      934828  Sun Aug 30 17:54:30 2009
M3G20090201T203612_V00_LOC.IMG   281     1   192     1  3447 17138 20257      508289  Sun Aug 30 17:58:30 2009
