M3G20090201T203612_V00_LOC.IMG   281  3828  4247     1  3447 10915 14028      310065  Sun Aug 30 17:57:20 2009
M3G20090201T224531_V00_LOC.IMG   283  3638  4243     2  3466  4290  7404      896601  Sun Aug 30 18:00:25 2009
M3G20090202T003211_V00_LOC.IMG   285  3454  4021    15  3482 11017 14132      933203  Sun Aug 30 18:03:20 2009
M3G20090202T024131_V00_LOC.IMG   288  3265  3796    30  3496  4388  7502      933255  Sun Aug 30 18:04:51 2009
M3G20090202T042831_V00_LOC.IMG   291  3077  3571    44  3508 10923 14038      933236  Sun Aug 30 18:07:19 2009
M3G20090202T064453_V00_LOC.IMG   294  2889  3348    55  3518   146  3260      933184  Sun Aug 30 18:08:51 2009
M3G20090202T083314_V00_LOC.IMG   297  2701  3124    64  3525  5877  8991      932973  Sun Aug 30 18:10:58 2009
M3G20090202T103351_V00_LOC.IMG   300  2513  2899    72  3531  4381  7495      932937  Sun Aug 30 18:12:22 2009
M3G20090202T123639_V00_LOC.IMG   304  2324  2675    78  3534  1595  4708      932740  Sun Aug 30 18:14:45 2009
M3G20090202T142951_V00_LOC.IMG   306  2114  2456    82  3535  4462  7574      932511  Sun Aug 30 18:16:15 2009
M3G20090202T161651_V00_LOC.IMG   309  1890  2267    84  3535 10985 14098      932575  Sun Aug 30 18:19:29 2009
M3G20090202T182612_V00_LOC.IMG   312  1666  2078    82  3535  4340  7452      932454  Sun Aug 30 18:21:02 2009
M3G20090202T201251_V00_LOC.IMG   315  1441  1889    77  3532 11066 14179      932481  Sun Aug 30 18:23:54 2009
M3G20090203T041059_V00_LOC.IMG   318   545  1139    41  3501  7590 10704      932581  Sun Aug 30 18:26:03 2009
M3G20090203T061431_V00_LOC.IMG   320   319   949    27  3488  4357  7471      932634  Sun Aug 30 18:27:44 2009
M3G20090203T080104_V00_LOC.IMG   322    93   759    12  3472 11146 14260      932615  Sun Aug 30 18:30:37 2009
