M3G20090206T084850_V00_LOC.IMG   398  4244  4254  3010  3447 17172 17570        1932  Sun Aug 30 19:23:04 2009
M3G20090206T105850_V00_LOC.IMG   401  4010  4254     1  3447  7424 10532      610266  Sun Aug 30 19:25:37 2009
M3G20090206T124510_V00_LOC.IMG   403  3776  4177     1  3447 14342 17450      930664  Sun Aug 30 19:29:18 2009
M3G20090206T145451_V00_LOC.IMG   405  3542  3944     1  3447  7500 10607      930588  Sun Aug 30 19:30:46 2009
M3G20090206T164110_V00_LOC.IMG   407  3309  3710     1  3447 14418 17525      930443  Sun Aug 30 19:33:52 2009
M3G20090206T185403_V00_LOC.IMG   410  3077  3480     1  3447  5676  8783      930272  Sun Aug 30 19:35:42 2009
M3G20090206T203710_V00_LOC.IMG   412  2844  3245     1  3447 14486 17591      929981  Sun Aug 30 19:38:37 2009
M3G20090206T225721_V00_LOC.IMG   415  2612  3013     1  3447  1441  4546      929642  Sun Aug 30 19:41:27 2009
M3G20090207T003331_V00_LOC.IMG   417  2380  2776     1  3447 14351 17455      929571  Sun Aug 30 19:44:35 2009
M3G20090207T044515_V00_LOC.IMG   421  1918  2312     1  3447  5139  8241      928871  Sun Aug 30 19:46:56 2009
M3G20090207T065039_V00_LOC.IMG   424  1688  2081     1  3447   805  3905      928563  Sun Aug 30 19:50:03 2009
M3G20090207T083836_V00_LOC.IMG   427  1458  1851     1  3447  6761  9861      928388  Sun Aug 30 19:52:53 2009
M3G20090207T101751_V00_LOC.IMG   431  1228  1620     1  3447 17837 20936      928126  Sun Aug 30 19:55:35 2009
M3G20090207T124241_V00_LOC.IMG   434   998  1390     1  3447  2046  5145      927796  Sun Aug 30 19:58:09 2009
M3G20090207T142313_V00_LOC.IMG   437   769  1160     1  3447 12372 15470      927795  Sun Aug 30 20:00:45 2009
M3G20090207T161103_V00_LOC.IMG   440   541   930     1  3447 18384 21483      927778  Sun Aug 30 20:03:27 2009
M3G20090207T183846_V00_LOC.IMG   444   313   701     1  3447   889  3987      927647  Sun Aug 30 20:06:16 2009
M3G20090207T200231_V00_LOC.IMG   446    86   473     1  3384 21110 24144      909876  Sun Aug 30 20:08:53 2009
M3G20090207T204327_V00_LOC.IMG   447    85   388  3378  3447     1    63       17386  Sun Aug 30 20:09:10 2009
M3G20090207T221151_V00_LOC.IMG   450     1   245     1  3447 14448 17542      593581  Sun Aug 30 20:13:33 2009
M3G20090208T001912_V00_LOC.IMG   454     1     6     1   185  8944  9105         411  Sun Aug 30 20:18:47 2009
