M3G20090529T143509_V00_LOC.IMG  1419  4215  4254     1   689 16064 16725        6047  Fri Sep 18 20:38:51 2009
M3G20090529T183825_V00_LOC.IMG  1421  3725  4254     1  3447  8718 12115      701878  Fri Sep 18 20:42:18 2009
M3G20090529T230608_V00_LOC.IMG  1423  3236  4027     1  3447 16116 19516     1011527  Fri Sep 18 20:47:53 2009
M3G20090530T030925_V00_LOC.IMG  1425  2727  3490     1  3447  8822 12211     1009205  Fri Sep 18 20:51:16 2009
M3G20090530T073724_V00_LOC.IMG  1427  2237  2997     1  3447 16371 19758     1008993  Fri Sep 18 20:55:40 2009
M3G20090530T160828_V00_LOC.IMG  1429  1257  2010     1  3447 16429 19814     1008531  Fri Sep 18 20:58:44 2009
M3G20090530T201123_V00_LOC.IMG  1431   767  1516     1  3447  8933 12317     1008345  Fri Sep 18 21:00:58 2009
M3G20090626T142653_V00_LOC.IMG  1692  2616  3339     1  3447 14450 17803      999542  Sat Sep 19 03:05:25 2009
M3G20090626T142733_V00_LOC.IMG  1693  2616  3339     1  3447 14219 17498      976965  Sat Sep 19 03:09:01 2009
M3G20090626T190524_V00_LOC.IMG  1699  2161  2846     1  2224  7397  9466      615639  Sat Sep 19 03:13:51 2009
M3G20090627T031213_V00_LOC.IMG  1701  1086  1710     1  3447 13071 16420     1002024  Sat Sep 19 03:15:40 2009
M3G20090627T071503_V00_LOC.IMG  1703   594  1217     1  3447  6167  9516     1001773  Sat Sep 19 03:17:55 2009
M3G20090627T114223_V00_LOC.IMG  1705   101   724     1  3447 12823 16171     1001519  Sat Sep 19 03:21:52 2009
M3G20090627T154523_V00_LOC.IMG  1707     1   230     1  3447  2968  6314      358983  Sat Sep 19 03:24:20 2009
