M3G20090520T110308_V00_LOC.IMG  1403  2169  2240  3446  3460     1    14         242  Fri Sep 18 20:09:34 2009
M3G20090531T172712_V00_LOC.IMG  1437  2742  3688  1513  3606 27043 29184       93115  Fri Sep 18 21:10:12 2009
M3G20090601T061442_V00_LOC.IMG  1443  2467  4108   197  3606  4075  7407      886273  Fri Sep 18 21:20:38 2009
M3G20090602T074711_V00_LOC.IMG  1452  1956  2851     5  3324 21861 25011      944031  Fri Sep 18 21:36:02 2009
M3G20090602T203342_V00_LOC.IMG  1461  1642  2254     1  2868 27893 30643      824411  Fri Sep 18 21:46:27 2009
M3G20090603T050442_V00_LOC.IMG  1465  1232  2023     7  2586 28100 30547      733700  Fri Sep 18 21:52:40 2009
M3G20090603T174502_V00_LOC.IMG  1469   607  1853    71  3579 24992 28299      989811  Fri Sep 18 21:58:59 2009
M3G20090604T104552_V00_LOC.IMG  1476     2  1480   274  3606 24987 28287      512378  Fri Sep 18 22:09:49 2009
M3G20090604T191631_V00_LOC.IMG  1481   654  1316  2129  3606 20607 22099       45566  Fri Sep 18 22:17:57 2009
M3G20090605T034701_V00_LOC.IMG  1486  1084  1252  3289  3606  6725  7043        4394  Fri Sep 18 22:24:08 2009
M3G20090617T003823_V00_LOC.IMG  1622  1493  2115  3378  3517     1    72       13724  Sat Sep 19 01:32:39 2009
M3G20090617T045332_V00_LOC.IMG  1624  1398  2020  3394  3541     1    58        9543  Sat Sep 19 01:38:38 2009
M3G20090617T090843_V00_LOC.IMG  1626  1307  1924  3424  3568     1    32        2359  Sat Sep 19 01:42:12 2009
M3G20090617T132353_V00_LOC.IMG  1629  1804  1830  3459  3466     1     6          41  Sat Sep 19 01:45:35 2009
M3G20090617T173853_V00_LOC.IMG  1631  1180  1736  3394  3606     1    79       14192  Sat Sep 19 01:48:47 2009
M3G20090617T215403_V00_LOC.IMG  1633  1196  1642  3439  3606     1    49        5363  Sat Sep 19 01:51:40 2009
M3G20090618T062413_V00_LOC.IMG  1636  1198  1447  3490  3606     1    41        2822  Sat Sep 19 01:55:01 2009
M3G20090712T045202_V00_LOC.IMG  1765  2727  3107  2965  3302     1   228       36235  Sat Sep 19 10:29:54 2009
M3G20090712T090732_V00_LOC.IMG  1768  2649  3135  2871  3232     1   233       49717  Sat Sep 19 10:35:06 2009
M3G20090712T132302_V00_LOC.IMG  1771  2565  3163  2784  3153     1   232       62788  Sat Sep 19 10:40:08 2009
M3G20090712T173832_V00_LOC.IMG  1775  2474  3115  2698  3062     1   233       69900  Sat Sep 19 10:43:29 2009
M3G20090712T215403_V00_LOC.IMG  1778  2377  3012  2618  2954     1   226       67800  Sat Sep 19 10:48:47 2009
M3G20090713T021002_V00_LOC.IMG  1780  2231  2864  2828  3150     1   231       69300  Sat Sep 19 10:52:32 2009
M3G20090713T062542_V00_LOC.IMG  1782  2123  2750  2845  3147     1   221       66300  Sat Sep 19 10:55:44 2009
M3G20090713T104112_V00_LOC.IMG  1784  2024  2642  2766  3047     1   233       69900  Sat Sep 19 10:58:58 2009
M3G20090713T145642_V00_LOC.IMG  1786  1918  2526  2690  2948     1   228       68400  Sat Sep 19 11:02:18 2009
M3G20090713T191212_V00_LOC.IMG  1788  1803  2407  2608  2865     1   232       69600  Sat Sep 19 11:05:17 2009
M3G20090713T232742_V00_LOC.IMG  1790  1673  2285  2521  2794     1   233       69900  Sat Sep 19 11:08:02 2009
M3G20090714T034312_V00_LOC.IMG  1792  1538  2157  2439  2731     1   232       69600  Sat Sep 19 11:11:13 2009
M3G20090714T075842_V00_LOC.IMG  1794  1397  2023  2369  2678     1   228       68400  Sat Sep 19 11:16:20 2009
M3G20090714T121412_V00_LOC.IMG  1796  1252  1886  2302  2636     1   233       69900  Sat Sep 19 11:22:12 2009
M3G20090714T162942_V00_LOC.IMG  1798  1105  1744  2250  2603     1   232       69600  Sat Sep 19 11:26:40 2009
M3G20090714T204512_V00_LOC.IMG  1800   955  1600  2205  2577     1   232       69600  Sat Sep 19 11:29:51 2009
M3G20090728T171132_V00_LOC.IMG  1855   175  1603   163  3606 11624 14900      927473  Sat Sep 19 12:47:11 2009
M3G20090729T014312_V00_LOC.IMG  1862     3  1423   282  3606  6443  9712      452859  Sat Sep 19 12:54:33 2009
M3G20090729T101452_V00_LOC.IMG  1871   889  1259  2764  3606 13780 14616       13609  Sat Sep 19 13:01:51 2009
M3G20090811T010552_V00_LOC.IMG  1915  1139  1781  2497  2856     1   233       69900  Sat Sep 19 13:41:08 2009
M3G20090811T093803_V00_LOC.IMG  1920   876  1525  2486  2878     1   227       68100  Sat Sep 19 13:47:48 2009
M3G20090811T135403_V00_LOC.IMG  1924   828  1382  2436  2823     1   233       57758  Sat Sep 19 13:50:36 2009
M3G20090812T065953_V00_LOC.IMG  1926  1081  1233  3257  3515     1   233        6942  Sat Sep 19 13:53:10 2009
