M3G20090607T193433_V00_LOC.IMG  1515  3928  4324   118  3551  9169 12491       40933  Fri Sep 18 23:00:15 2009
M3G20090608T000122_V00_LOC.IMG  1519  3595  4324    77  3551 25129 28467      678423  Fri Sep 18 23:07:48 2009
M3G20090608T040423_V00_LOC.IMG  1521  3249  3861  3292  3542     1   192       55917  Fri Sep 18 23:08:52 2009
M3G20090608T042049_V00_LOC.IMG  1522  3291  4034    45  2847 18355 21040      802256  Fri Sep 18 23:12:46 2009
M3G20090608T083142_V00_LOC.IMG  1524  2903  3616    21  3508 25138 28480      997886  Fri Sep 18 23:15:31 2009
M3G20090608T123433_V00_LOC.IMG  1526  2558  3167  2847  3484     1   590      175357  Fri Sep 18 23:16:06 2009
M3G20090608T125102_V00_LOC.IMG  1527  2570  3199     7  2857 18358 21109      822218  Fri Sep 18 23:18:45 2009
M3G20090609T055240_V00_LOC.IMG  1528   887  1626    15  2265  6699  8865      647464  Fri Sep 18 23:19:31 2009
M3G20090609T095022_V00_LOC.IMG  1531   473  1376    33  3514  4908  8252      999868  Fri Sep 18 23:22:42 2009
M3G20090609T183254_V00_LOC.IMG  1534     2   699    98  3551 25080 28420      455464  Fri Sep 18 23:29:04 2009
