M3G20090617T005342_V00_LOC.IMG  1623  3554  4324     1  3471  8437 11777      661466  Sat Sep 19 01:34:24 2009
M3G20090617T045633_V00_LOC.IMG  1625  3208  4085    15  3504  1679  5018      998215  Sat Sep 19 01:39:38 2009
M3G20090617T092403_V00_LOC.IMG  1627  2862  3665    47  3529  2511  5785      978521  Sat Sep 19 01:43:01 2009
M3G20090617T132653_V00_LOC.IMG  1630  2516  3244    72  3545  1734  5057      993518  Sat Sep 19 01:46:16 2009
M3G20090617T175422_V00_LOC.IMG  1632  2170  2825    89  3551  8445 11778      996471  Sat Sep 19 01:50:11 2009
M3G20090617T223824_V00_LOC.IMG  1635  1824  2429    97  3551  1787  5119      996336  Sat Sep 19 01:54:51 2009
M3G20090618T063933_V00_LOC.IMG  1637   993  1733    68  3542  8384 11717      996618  Sat Sep 19 01:56:49 2009
M3G20090618T112223_V00_LOC.IMG  1640   575  1387    42  3525  1689  5001      990324  Sat Sep 19 02:03:36 2009
M3G20090714T080142_V00_LOC.IMG  1795  3604  4323     2  3465   805  4136      561704  Sat Sep 19 11:17:10 2009
M3G20090714T122932_V00_LOC.IMG  1797  3257  4146     9  3500  7327 10658      995455  Sat Sep 19 11:24:06 2009
M3G20090714T163242_V00_LOC.IMG  1799  2910  3725    43  3526   676  4015      997971  Sat Sep 19 11:27:16 2009
M3G20090714T210032_V00_LOC.IMG  1801  2563  3304    69  3543  7298 10634      997366  Sat Sep 19 11:31:16 2009
M3G20090811T013030_V00_LOC.IMG  1917  2858  3665    47  3529  2751  6094      999162  Sat Sep 19 13:42:45 2009
M3G20090811T053041_V00_LOC.IMG  1919  2511  3244    71  3545   821  4162      998592  Sat Sep 19 13:45:45 2009
M3G20090811T101138_V00_LOC.IMG  1923  2164  2823    89  3551  7530 10870      998260  Sat Sep 19 13:49:50 2009
M3G20090812T071513_V00_LOC.IMG  1927   147  1052     7  3498  8144 11476      995985  Sat Sep 19 13:55:06 2009
M3G20090812T111903_V00_LOC.IMG  1929     1   702     1  3462  1372  4643      505598  Sat Sep 19 13:58:41 2009
