M3G20090529T183825_V00_LOC.IMG  1421  3890  4246    83  3535 15455 18809      183591  Fri Sep 18 20:43:12 2009
M3G20090529T230608_V00_LOC.IMG  1423  3466  4187    46  3535 22852 26231      928277  Fri Sep 18 20:48:38 2009
M3G20090530T030925_V00_LOC.IMG  1425  2976  3631    18  3505 15543 18914     1003901  Fri Sep 18 20:51:44 2009
M3G20090530T073724_V00_LOC.IMG  1427  2509  3146     4  3478 23091 26461     1003863  Fri Sep 18 20:56:12 2009
M3G20090530T160828_V00_LOC.IMG  1429  1517  2298     1  3456 23146 26514     1003691  Fri Sep 18 20:59:12 2009
M3G20090530T201123_V00_LOC.IMG  1431  1022  1875     6  3469 15649 19017     1003590  Fri Sep 18 21:01:25 2009
M3G20090626T142653_V00_LOC.IMG  1692  2284  3089     4  3465 21111 24451      995379  Sat Sep 19 03:06:09 2009
M3G20090626T142733_V00_LOC.IMG  1693  2284  3089     4  3465 20806 24123      988479  Sat Sep 19 03:09:29 2009
M3G20090626T182943_V00_LOC.IMG  1695  1858  2590     1  3453  1302  4642      995225  Sat Sep 19 03:10:47 2009
M3G20090627T031213_V00_LOC.IMG  1701  1100  1797     5  3472 19740 23064      995162  Sat Sep 19 03:16:09 2009
M3G20090627T071503_V00_LOC.IMG  1703   604  1372    19  3496 12835 16159      995000  Sat Sep 19 03:18:21 2009
M3G20090627T114223_V00_LOC.IMG  1705   109   949    45  3529 19489 22812      994758  Sat Sep 19 03:22:18 2009
M3G20090627T154523_V00_LOC.IMG  1707     3   525    81  3535  9548 12848      348528  Sat Sep 19 03:25:23 2009
