M3G20090520T111838_V00_LOC.IMG  1404  1310  2217   109  3605  2419  5802     1005704  Fri Sep 18 20:10:40 2009
M3G20090602T124100_V00_LOC.IMG  1456  1789  2486   123   909     1   739      216400  Fri Sep 18 21:39:36 2009
M3G20090602T164851_V00_LOC.IMG  1459  1702  2369   129   543     1   392      112314  Fri Sep 18 21:42:40 2009
M3G20090614T090712_V00_LOC.IMG  1595  2809  3435     2  1413  2160  3612       36123  Sat Sep 19 00:56:56 2009
M3G20090614T175501_V00_LOC.IMG  1601  2645  4110     2  3334  2107  5400      453180  Sat Sep 19 01:05:32 2009
M3G20090615T064852_V00_LOC.IMG  1604  2389  3793     1  3493  2241  5613      990103  Sat Sep 19 01:10:15 2009
M3G20090615T232402_V00_LOC.IMG  1613  2029  2944    80  3600  2395  5786     1007009  Sat Sep 19 01:21:15 2009
M3G20090616T075432_V00_LOC.IMG  1617  1896  2508  2881  3607     1   713      212136  Sat Sep 19 01:26:34 2009
M3G20090616T083651_V00_LOC.IMG  1618  1843  2499   118  2893  2528  5205      794618  Sat Sep 19 01:29:22 2009
M3G20090617T005342_V00_LOC.IMG  1623  1029  2099    84  3591  1727  5110     1005437  Sat Sep 19 01:33:28 2009
M3G20090617T100505_V00_LOC.IMG  1628   598  1905    31  3541  1680  5055     1003765  Sat Sep 19 01:45:24 2009
M3G20090617T175422_V00_LOC.IMG  1632   177  1714     1  3459  1758  5128      977215  Sat Sep 19 01:49:41 2009
M3G20090618T063933_V00_LOC.IMG  1637     3  1427     2  3275  1700  5059      278174  Sat Sep 19 01:56:18 2009
M3G20090712T053922_V00_LOC.IMG  1767  2574  4111     2  3385  1225  4581      657107  Sat Sep 19 10:33:48 2009
M3G20090712T142133_V00_LOC.IMG  1774  2402  3837     1  3486  1115  4502      982670  Sat Sep 19 10:43:20 2009
M3G20090712T220912_V00_LOC.IMG  1779  2223  3417    19  3558   977  4386     1011406  Sat Sep 19 10:49:42 2009
M3G20090713T064052_V00_LOC.IMG  1783  2040  2988    72  3598  1128  4536     1011213  Sat Sep 19 10:56:38 2009
M3G20090713T151202_V00_LOC.IMG  1787  1855  2552   113  3607   997  4406     1011606  Sat Sep 19 11:03:05 2009
M3G20090713T192732_V00_LOC.IMG  1789  1718  2416   128  3607   931  4340     1011544  Sat Sep 19 11:05:56 2009
M3G20090714T122932_V00_LOC.IMG  1797   841  2030    61  3575   695  4081     1005997  Sat Sep 19 11:23:04 2009
M3G20090714T210032_V00_LOC.IMG  1801   414  1836     4  3511   582  3972     1007843  Sat Sep 19 11:30:42 2009
M3G20090811T020351_V00_LOC.IMG  1918   593  1934    29  3544   830  4241     1013208  Sat Sep 19 13:45:02 2009
M3G20090811T101138_V00_LOC.IMG  1923   171  1743     2  3463   789  4196      983580  Sat Sep 19 13:49:19 2009
M3G20090812T071513_V00_LOC.IMG  1927   947  1285     2   689  1407  2116       13858  Sat Sep 19 13:54:18 2009
