M3G20090620T051312_V00_LOC.IMG  1642  2098  2796  1630  3616     1  1899      568219  Sat Sep 19 02:04:32 2009
M3G20090620T094042_V00_LOC.IMG  1644  1803  2447   153  3615  1217  4559      996050  Sat Sep 19 02:08:51 2009
M3G20090620T134543_V00_LOC.IMG  1648  1483  2141  1585  3615     1  1922      575166  Sat Sep 19 02:12:18 2009
M3G20090620T181042_V00_LOC.IMG  1650  1133  1956   105  3605  3697  7068     1004056  Sat Sep 19 02:16:22 2009
M3G20090621T025007_V00_LOC.IMG  1654   444  1267  1899  3546     1  1525      456109  Sat Sep 19 02:20:25 2009
M3G20090621T065503_V00_LOC.IMG  1656   105  1304     2  3498  3024  6392      963151  Sat Sep 19 02:22:58 2009
M3G20090621T160702_V00_LOC.IMG  1658   665   882     1   627  4825  5446       20944  Sat Sep 19 02:25:45 2009
M3G20090717T041548_V00_LOC.IMG  1807  2741  3550  1881  3586     1  1592      476242  Sat Sep 19 11:36:49 2009
M3G20090717T084032_V00_LOC.IMG  1809  2293  3201   125  3607  2170  5536     1003680  Sat Sep 19 11:39:57 2009
M3G20090717T132344_V00_LOC.IMG  1814  2157  2852  1945  3615     1  1593      476415  Sat Sep 19 11:46:35 2009
M3G20090717T174705_V00_LOC.IMG  1819  1840  2502   155  3616  4958  8329     1004921  Sat Sep 19 11:50:07 2009
M3G20090717T211502_V00_LOC.IMG  1821  1531  2182  2040  3615     1  1506      450445  Sat Sep 19 11:50:42 2009
M3G20090718T014252_V00_LOC.IMG  1823  1185  2009   112  3607  4966  8345     1006901  Sat Sep 19 11:54:56 2009
M3G20090718T054612_V00_LOC.IMG  1825   837  1616  1856  3586     1  1626      486333  Sat Sep 19 11:57:52 2009
M3G20090718T101402_V00_LOC.IMG  1827   493  1569    34  3553  4886  8261     1005398  Sat Sep 19 12:02:06 2009
M3G20090812T195416_V00_LOC.IMG  1934  3911  4392  1964  3382     1  1371       89648  Sat Sep 19 14:06:04 2009
M3G20090813T001943_V00_LOC.IMG  1936  3160  4390     1  3454  4784  8156      738747  Sat Sep 19 14:10:05 2009
M3G20090813T042332_V00_LOC.IMG  1938  3317  4193  2005  3512     1  1365      408083  Sat Sep 19 14:13:22 2009
M3G20090813T132807_V00_LOC.IMG  1941  2730  3500  2210  3591     1  1281      382797  Sat Sep 19 14:18:10 2009
M3G20090813T172403_V00_LOC.IMG  1943  2256  3151   126  3610  4593  7599      895819  Sat Sep 19 14:20:28 2009
M3G20090813T213525_V00_LOC.IMG  1946  2124  2800  2358  3616     1  1193      356351  Sat Sep 19 14:24:41 2009
M3G20090814T021520_V00_LOC.IMG  1951  1805  2453   153  3616  4519  7902     1008474  Sat Sep 19 14:28:40 2009
M3G20090814T061444_V00_LOC.IMG  1956  1471  2134  2435  3615     1  1050      313537  Sat Sep 19 14:31:05 2009
M3G20090814T102823_V00_LOC.IMG  1957  1120  1983   106  3605  1859  5250     1010446  Sat Sep 19 14:34:24 2009
M3G20090815T074952_V00_LOC.IMG  1960     2   901     2  3364  2838  6198      101729  Sat Sep 19 14:38:07 2009
