M3G20090520T065048_V00_LOC.IMG  1402   712  1331     1  3447  8462 11811     1001689  Fri Sep 18 20:06:53 2009
M3G20090520T111838_V00_LOC.IMG  1404   216   833     1  3447 15817 19163     1001192  Fri Sep 18 20:11:49 2009
M3G20090615T102602_V00_LOC.IMG  1606  4033  4254     1  3447  1719  4982      355803  Sat Sep 19 01:12:30 2009
M3G20090615T185632_V00_LOC.IMG  1611  3041  3648     1  3447  9091 12428      997932  Sat Sep 19 01:18:24 2009
M3G20090615T232402_V00_LOC.IMG  1613  2544  3151     1  3447 15789 19125      997564  Sat Sep 19 01:22:12 2009
M3G20090616T032653_V00_LOC.IMG  1615  2048  2654     1  3447  9124 12458      997282  Sat Sep 19 01:24:28 2009
M3G20090616T075432_V00_LOC.IMG  1617  1552  2157     1  3447 10638 13898      975072  Sat Sep 19 01:27:36 2009
M3G20090616T115723_V00_LOC.IMG  1620  1055  1659     1  3447  3975  7223      971451  Sat Sep 19 01:30:19 2009
M3G20090617T005342_V00_LOC.IMG  1623     1   168     1  3447 15090 18414      264408  Sat Sep 19 01:35:54 2009
M3G20090712T175144_V00_LOC.IMG  1777  4116  4254     1  3447  7677 11000      225077  Sat Sep 19 10:46:25 2009
M3G20090712T220912_V00_LOC.IMG  1779  3619  4222     1  3447 14394 17721      995007  Sat Sep 19 10:51:19 2009
M3G20090713T021312_V00_LOC.IMG  1781  3121  3723     1  3447  7831 11158      994856  Sat Sep 19 10:53:37 2009
M3G20090713T064052_V00_LOC.IMG  1783  2624  3225     1  3447 14541 17865      994488  Sat Sep 19 10:57:36 2009
M3G20090713T104412_V00_LOC.IMG  1785  2127  2727     1  3447  7772 11095      993897  Sat Sep 19 11:00:04 2009
M3G20090713T151202_V00_LOC.IMG  1787  1630  2229     1  3447 14400 17723      993935  Sat Sep 19 11:04:08 2009
M3G20090713T192732_V00_LOC.IMG  1789  1132  1731     1  3447 14341 17663      993620  Sat Sep 19 11:06:52 2009
M3G20090713T233042_V00_LOC.IMG  1791   635  1232     1  3447  7492 10812      993104  Sat Sep 19 11:09:07 2009
M3G20090714T035832_V00_LOC.IMG  1793   138   734     1  3447  2530  4792      675876  Sat Sep 19 11:13:49 2009
M3G20090714T080142_V00_LOC.IMG  1795     1   236     1  3447  7433 10675      374462  Sat Sep 19 11:18:32 2009
