M3G20090528T130108_V00_LOC.IMG  1408     2  1394     2  3325  1185  4596      357597  Fri Sep 18 20:19:10 2009
M3G20090528T213152_V00_LOC.IMG  1410   999  1235     2   550  1788  2350        4539  Fri Sep 18 20:23:09 2009
M3G20090620T181042_V00_LOC.IMG  1650  2849  3033     2   329   312   649        5133  Sat Sep 19 02:15:48 2009
M3G20090621T065503_V00_LOC.IMG  1656  2748  4110   329  3275     1  3022      302922  Sat Sep 19 02:22:09 2009
M3G20090621T074309_V00_LOC.IMG  1657  2579  3032     2   466  1508  1891       54033  Sat Sep 19 02:25:01 2009
M3G20090621T160702_V00_LOC.IMG  1658  2404  4110     1  3403  1421  4834      852656  Sat Sep 19 02:25:32 2009
M3G20090622T042035_V00_LOC.IMG  1664  2169  3587    36  3534  1728  5149     1013132  Sat Sep 19 02:31:34 2009
M3G20090622T124051_V00_LOC.IMG  1669  2145  3162   983  3586     1  2458      735453  Sat Sep 19 02:37:00 2009
M3G20090623T012541_V00_LOC.IMG  1671  1715  2513   131  3607  1517  4945     1015475  Sat Sep 19 02:40:32 2009
M3G20090623T103245_V00_LOC.IMG  1677  1444  2194    98  3607   453  3887     1017043  Sat Sep 19 02:49:14 2009
M3G20090623T182551_V00_LOC.IMG  1684  1005  2012    51  3592  1530  4928     1005866  Sat Sep 19 02:53:37 2009
M3G20090624T071103_V00_LOC.IMG  1690   367  1411  1461  3509     1  1957      585211  Sat Sep 19 03:00:20 2009
M3G20090718T014252_V00_LOC.IMG  1823  2880  2972     2   164  1569  1737        1303  Sat Sep 19 11:54:13 2009
M3G20090718T101402_V00_LOC.IMG  1827  2696  3614     2  1896  1504  3464       98149  Sat Sep 19 12:01:18 2009
M3G20090719T075717_V00_LOC.IMG  1830  2233  3800     9  3497  1431  4850     1010849  Sat Sep 19 12:07:17 2009
M3G20090719T160300_V00_LOC.IMG  1835  2056  3382    63  3565  1479  4922     1018189  Sat Sep 19 12:13:03 2009
M3G20090720T003411_V00_LOC.IMG  1840  1890  2965   102  3601  1551  4992     1018777  Sat Sep 19 12:20:07 2009
M3G20090720T090521_V00_LOC.IMG  1844  1704  2526   129  3607  1517  4963     1019968  Sat Sep 19 12:26:10 2009
M3G20090720T173631_V00_LOC.IMG  1846  1445  2201    95  3607  1489  4942     1021558  Sat Sep 19 12:30:39 2009
M3G20090722T021504_V00_LOC.IMG  1849     3  1548     2  3394  1995  5428      666844  Sat Sep 19 12:36:53 2009
M3G20090814T111459_V00_LOC.IMG  1958  2863  3008     2   262  1117  1387        3057  Sat Sep 19 14:36:27 2009
M3G20090815T074952_V00_LOC.IMG  1960  2596  4111   447  3404     1  2850      690220  Sat Sep 19 14:37:23 2009
M3G20090815T083731_V00_LOC.IMG  1961  2439  3074    17   622  1544  1981       98918  Sat Sep 19 14:42:35 2009
M3G20090815T162202_V00_LOC.IMG  1965  2239  3791     2  3501  1477  4930     1022269  Sat Sep 19 14:47:41 2009
M3G20090816T005433_V00_LOC.IMG  1970  2060  3370    56  3568  1560  5016     1023130  Sat Sep 19 14:54:01 2009
