M3G20090612T143522_V00_LOC.IMG  1571  3730  4390   225  3008 26328 29087      102120  Sat Sep 19 00:21:00 2009
M3G20090612T183813_V00_LOC.IMG  1573  3392  4392   155  3616 18999 22399      562004  Sat Sep 19 00:23:27 2009
M3G20090612T230542_V00_LOC.IMG  1575  3168  4172    98  3616 25220 28642      935305  Sat Sep 19 00:28:06 2009
M3G20090613T030843_V00_LOC.IMG  1577  2642  3520    30  3540   852  4202      998890  Sat Sep 19 00:28:59 2009
M3G20090613T073612_V00_LOC.IMG  1580  2492  3169     9  1811 28452 30128      499809  Sat Sep 19 00:35:27 2009
M3G20090613T113913_V00_LOC.IMG  1582  2190  2817     1  3479  5310  8656      998182  Sat Sep 19 00:36:40 2009
M3G20090613T160643_V00_LOC.IMG  1585  1861  2503     1  1724   659  2299      489254  Sat Sep 19 00:39:19 2009
M3G20090613T200943_V00_LOC.IMG  1588  1511  2320     3  3468 21905 25247      997669  Sat Sep 19 00:45:09 2009
M3G20090614T003642_V00_LOC.IMG  1590  1008  1740    21  1585 28809 30255      432854  Sat Sep 19 00:51:07 2009
M3G20090614T043933_V00_LOC.IMG  1592   663  1689    48  3550  2979  6309      997339  Sat Sep 19 00:52:11 2009
M3G20090614T090712_V00_LOC.IMG  1595   320  1138    91  1578 28733 30075      401556  Sat Sep 19 00:58:49 2009
M3G20090614T131003_V00_LOC.IMG  1597     2  1249   144  3615 15746 19065      866723  Sat Sep 19 01:00:46 2009
M3G20090614T173733_V00_LOC.IMG  1600     2   552   212  1619  8965 10299      153316  Sat Sep 19 01:03:49 2009
