M3G20090520T111838_V00_LOC.IMG  1404    24  2597  1264  2623     1  2455      733276  Fri Sep 18 20:10:16 2009
M3G20090528T130108_V00_LOC.IMG  1408  2576  3770   288  1661     1  1197      354153  Fri Sep 18 20:18:27 2009
M3G20090528T213152_V00_LOC.IMG  1410  2250  3874   374  2212     1  1801      535688  Fri Sep 18 20:22:50 2009
M3G20090529T061013_V00_LOC.IMG  1416  2018  4183   769  3137     1  2579      754320  Fri Sep 18 20:29:36 2009
M3G20090529T143509_V00_LOC.IMG  1419  1998  4234   891  3109     1  2531      741213  Fri Sep 18 20:36:16 2009
M3G20090529T230608_V00_LOC.IMG  1423  1892  4275  1017  3146     1  2598      762461  Fri Sep 18 20:45:48 2009
M3G20090530T073724_V00_LOC.IMG  1427  1564  4295  1102  3232     1  2883      852089  Fri Sep 18 20:54:08 2009
M3G20090530T160828_V00_LOC.IMG  1429  1455  4322  1240  3220     1  2948      872486  Fri Sep 18 20:57:30 2009
M3G20090531T134207_V00_LOC.IMG  1435  1720  4315  1209  2530     1  2474      738903  Fri Sep 18 21:05:00 2009
M3G20090531T215442_V00_LOC.IMG  1439  1444  4336  1362  2562     1  2771      827835  Fri Sep 18 21:11:53 2009
M3G20090601T021112_V00_LOC.IMG  1441   566  4342  1441  2682     1  3648     1090829  Fri Sep 18 21:17:07 2009
M3G20090601T104211_V00_LOC.IMG  1447   287  4344  1602  2576     1  3936     1177310  Fri Sep 18 21:24:14 2009
M3G20090601T193005_V00_LOC.IMG  1449   111  4344  1772  2424     1  4124     1233557  Fri Sep 18 21:30:18 2009
M3G20090602T124100_V00_LOC.IMG  1456     3  4344  1451  2779   716  4944     1263270  Fri Sep 18 21:39:11 2009
M3G20090602T164851_V00_LOC.IMG  1459     8  4343  1371  2867   370  4592     1261989  Fri Sep 18 21:42:24 2009
M3G20090603T010112_V00_LOC.IMG  1463  2631  4328  1992  3053     1  1575      469212  Fri Sep 18 21:47:15 2009
M3G20090603T134223_V00_LOC.IMG  1466  3224  4276  2370  3308     1   876      259502  Fri Sep 18 21:53:22 2009
M3G20090603T143144_V00_LOC.IMG  1467  2422  3477  2025  2964     1   851      255300  Fri Sep 18 21:56:21 2009
M3G20090604T064302_V00_LOC.IMG  1474  2349  4161  2103  3594     1  1731      515995  Fri Sep 18 22:03:33 2009
M3G20090604T151322_V00_LOC.IMG  1478  2926  4078  2634  3731     1   963      285463  Fri Sep 18 22:10:54 2009
M3G20090604T160320_V00_LOC.IMG  1479  2286  3319  2144  3149     1   787      236100  Fri Sep 18 22:14:50 2009
M3G20090604T234352_V00_LOC.IMG  1484  2160  3924  2253  3915     1  1762      524905  Fri Sep 18 22:19:59 2009
M3G20090605T085558_V00_LOC.IMG  1490  2058  3799  2257  4027     1  1827      544007  Fri Sep 18 22:28:51 2009
M3G20090605T212253_V00_LOC.IMG  1497  1923  3583  2267  4167     1  1894      563581  Fri Sep 18 22:34:42 2009
M3G20090606T053022_V00_LOC.IMG  1501  1866  3423  2305  4239     1  1889      561737  Fri Sep 18 22:40:24 2009
M3G20090607T073505_V00_LOC.IMG  1507  2060  2908  3455  4341     1   779      227805  Fri Sep 18 22:49:44 2009
M3G20090607T075043_V00_LOC.IMG  1508  1701  2667  2306  3644     1  1171      351300  Fri Sep 18 22:50:57 2009
M3G20090607T153144_V00_LOC.IMG  1513  1670  2738  2283  4344     1  1985      589612  Fri Sep 18 22:54:19 2009
M3G20090608T000122_V00_LOC.IMG  1519  1679  2550  2587  4344     1  1695      502263  Fri Sep 18 23:04:44 2009
M3G20090608T083142_V00_LOC.IMG  1524  1646  2382  2586  4344     1  1704      505237  Fri Sep 18 23:13:23 2009
M3G20090609T060742_V00_LOC.IMG  1529  1415  2281  2498  4339     1  1727      513942  Fri Sep 18 23:19:57 2009
M3G20090609T183254_V00_LOC.IMG  1534  1176  2201  2520  4305     1  1638      487236  Fri Sep 18 23:26:01 2009
M3G20090610T032955_V00_LOC.IMG  1541  1024  2158  2469  4265     1  1639      487653  Fri Sep 18 23:34:30 2009
M3G20090610T113334_V00_LOC.IMG  1545   881  2125  2405  4211     1  1654      492261  Fri Sep 18 23:39:41 2009
M3G20090610T200344_V00_LOC.IMG  1552   747  2100  2340  4144     1  1674      498306  Fri Sep 18 23:46:46 2009
M3G20090611T043527_V00_LOC.IMG  1558   625  2075  2287  4068     1  1683      501138  Fri Sep 18 23:57:06 2009
M3G20090612T064731_V00_LOC.IMG  1566   100   849  2502  3383     1   622      166522  Sat Sep 19 00:11:16 2009
M3G20090613T073612_V00_LOC.IMG  1580    70  2017  1831  3296     1  1869      555671  Sat Sep 19 00:32:30 2009
M3G20090613T161036_V00_LOC.IMG  1586    36  2071  1782  3155     1  1949      580011  Sat Sep 19 00:39:55 2009
M3G20090614T003642_V00_LOC.IMG  1590    46  2238  1935  3202     1  2061      615054  Sat Sep 19 00:46:48 2009
M3G20090614T090712_V00_LOC.IMG  1595    19  2336  1904  3050     1  2184      651868  Sat Sep 19 00:56:17 2009
M3G20090614T175501_V00_LOC.IMG  1601     4  2340  1910  2892     1  2129      635443  Sat Sep 19 01:04:41 2009
M3G20090615T064852_V00_LOC.IMG  1604     1  2361  1928  2646     1  2262      675416  Sat Sep 19 01:09:59 2009
M3G20090615T232402_V00_LOC.IMG  1613     1  2536  1676  2595     1  2435      727142  Sat Sep 19 01:20:52 2009
M3G20090616T083651_V00_LOC.IMG  1618     2  2685  1502  2641     1  2567      766882  Sat Sep 19 01:29:07 2009
M3G20090617T005342_V00_LOC.IMG  1623    45  1935  1160  2381     1  1763      525853  Sat Sep 19 01:33:12 2009
M3G20090617T100505_V00_LOC.IMG  1628    90  1936  1001  2315     1  1713      510988  Sat Sep 19 01:44:59 2009
M3G20090617T175422_V00_LOC.IMG  1632   151  2034   849  2299     1  1790      534056  Sat Sep 19 01:49:20 2009
M3G20090618T063933_V00_LOC.IMG  1637   272  2050   635  2187     1  1728      515512  Sat Sep 19 01:55:36 2009
M3G20090620T102457_V00_LOC.IMG  1645  1091  2470    60  2025     1  1783      531044  Sat Sep 19 02:11:17 2009
M3G20090620T181042_V00_LOC.IMG  1650  1258  1972    24   546     1   367      105883  Sat Sep 19 02:15:45 2009
M3G20090620T185913_V00_LOC.IMG  1651  1388  2535   327  2045     1  1550      465000  Sat Sep 19 02:18:35 2009
M3G20090621T074309_V00_LOC.IMG  1657  1507  2496     2  1661     1  1565      465098  Sat Sep 19 02:24:59 2009
M3G20090621T160702_V00_LOC.IMG  1658  1671  2535     1  1573     1  1478      438976  Sat Sep 19 02:25:16 2009
M3G20090622T042035_V00_LOC.IMG  1664  1895  2589     1  1831     1  1778      529484  Sat Sep 19 02:31:07 2009
M3G20090623T012541_V00_LOC.IMG  1671  2057  2962     7  1683     1  1566      465938  Sat Sep 19 02:40:16 2009
M3G20090623T103245_V00_LOC.IMG  1677  2385  3131    28   674     1   504      147197  Sat Sep 19 02:48:52 2009
M3G20090623T104520_V00_LOC.IMG  1678  2105  3012   512  1742     1  1077      323100  Sat Sep 19 02:49:45 2009
M3G20090623T182551_V00_LOC.IMG  1684  2147  3291    63  1809     1  1581      470392  Sat Sep 19 02:53:19 2009
M3G20090626T142653_V00_LOC.IMG  1692  2700  3909   405  1428     1   993      284075  Sat Sep 19 03:03:25 2009
M3G20090626T142733_V00_LOC.IMG  1693  2700  3909   405  1428     1   993      284075  Sat Sep 19 03:07:31 2009
M3G20090712T053922_V00_LOC.IMG  1767     1  1335  2044  2839     1  1246      370482  Sat Sep 19 10:33:04 2009
M3G20090712T142133_V00_LOC.IMG  1774     1  1184  1982  2674     1  1136      337230  Sat Sep 19 10:42:50 2009
M3G20090712T220912_V00_LOC.IMG  1779     1  1054  1862  2535     1  1020      302486  Sat Sep 19 10:49:16 2009
M3G20090713T064052_V00_LOC.IMG  1783     1  1233  1687  2458     1  1171      347850  Sat Sep 19 10:56:15 2009
M3G20090713T151202_V00_LOC.IMG  1787     1  1132  1512  2344     1  1039      308342  Sat Sep 19 11:02:47 2009
M3G20090713T192732_V00_LOC.IMG  1789     5  1086  1424  2277     1   973      288555  Sat Sep 19 11:05:42 2009
M3G20090714T122932_V00_LOC.IMG  1797    59   966  1087  1956     1   733      216614  Sat Sep 19 11:22:39 2009
M3G20090714T210032_V00_LOC.IMG  1801   109   933   931  1773     1   617      181964  Sat Sep 19 11:30:16 2009
M3G20090717T005406_V00_LOC.IMG  1804   740  2204   198  1901     1  1626      484498  Sat Sep 19 11:35:40 2009
M3G20090717T092657_V00_LOC.IMG  1810   894  2268   123  1840     1  1604      477464  Sat Sep 19 11:43:27 2009
M3G20090717T093140_V00_LOC.IMG  1811  1720  2270  1523  1843     1     2         600  Sat Sep 19 11:43:38 2009
M3G20090717T174705_V00_LOC.IMG  1819  1055  2339    66  1799     1  1618      481569  Sat Sep 19 11:49:32 2009
M3G20090718T014252_V00_LOC.IMG  1823  1215  2400    29  1765     1  1621      482303  Sat Sep 19 11:54:11 2009
M3G20090718T101402_V00_LOC.IMG  1827  1382  2463     7  1742     1  1558      463265  Sat Sep 19 12:01:07 2009
M3G20090719T075717_V00_LOC.IMG  1830  1816  2590     1  1608     1  1488      442108  Sat Sep 19 12:06:49 2009
M3G20090719T160300_V00_LOC.IMG  1835  1977  2643     1  1575     1  1535      456275  Sat Sep 19 12:12:38 2009
M3G20090720T003411_V00_LOC.IMG  1840  2002  2800     1  1672     1  1603      476869  Sat Sep 19 12:19:42 2009
M3G20090720T090521_V00_LOC.IMG  1844  2055  2972     6  1680     1  1570      466912  Sat Sep 19 12:25:46 2009
M3G20090720T173631_V00_LOC.IMG  1846  2113  3141    27  1699     1  1544      458910  Sat Sep 19 12:30:21 2009
M3G20090722T021504_V00_LOC.IMG  1849  2036  3672   216  2291     1  2016      600832  Sat Sep 19 12:36:06 2009
M3G20090722T022534_V00_LOC.IMG  1850   811  2609  1931  4204     1  2260      675516  Sat Sep 19 12:37:38 2009
M3G20090728T135355_V00_LOC.IMG  1853  2595  4257  2077  3395     1  1546      459993  Sat Sep 19 12:45:27 2009
M3G20090728T222751_V00_LOC.IMG  1860  2662  4195  2222  3548     1  1410      419289  Sat Sep 19 12:53:12 2009
M3G20090729T065940_V00_LOC.IMG  1869  2653  4123  2325  3681     1  1355      402738  Sat Sep 19 12:59:58 2009
M3G20090729T151532_V00_LOC.IMG  1876  2706  4030  2516  3814     1  1172      348100  Sat Sep 19 13:06:28 2009
M3G20090729T233354_V00_LOC.IMG  1883  3135  3916  3161  3941     1   446      130198  Sat Sep 19 13:13:12 2009
M3G20090730T000410_V00_LOC.IMG  1884  2583  3624  2580  3626     1   770      231000  Sat Sep 19 13:14:47 2009
M3G20090730T081634_V00_LOC.IMG  1892  2524  3787  2710  4051     1  1166      346223  Sat Sep 19 13:20:08 2009
M3G20090731T012912_V00_LOC.IMG  1910  2103  3490  2486  4220     1  1592      474139  Sat Sep 19 13:34:39 2009
M3G20090731T092152_V00_LOC.IMG  1914  2053  3328  2572  4276     1  1552      461808  Sat Sep 19 13:38:56 2009
M3G20090811T020351_V00_LOC.IMG  1918    82  1131   994  1955     1   870      257454  Sat Sep 19 13:44:37 2009
M3G20090811T101138_V00_LOC.IMG  1923   141  1167   843  1817     1   827      244728  Sat Sep 19 13:48:57 2009
M3G20090812T071513_V00_LOC.IMG  1927   346  1873   509  1975     1  1441      429088  Sat Sep 19 13:53:46 2009
M3G20090812T154723_V00_LOC.IMG  1931   459  1928   389  1884     1  1439      428310  Sat Sep 19 14:02:29 2009
M3G20090813T001943_V00_LOC.IMG  1936   592  2003   281  1800     1  1427      424807  Sat Sep 19 14:09:22 2009
M3G20090813T172403_V00_LOC.IMG  1943   889  2076   119  1504     1  1238      367771  Sat Sep 19 14:19:25 2009
M3G20090814T021520_V00_LOC.IMG  1951  1047  2174    65  1455     1  1247      370366  Sat Sep 19 14:27:53 2009
M3G20090814T111459_V00_LOC.IMG  1958  1212  2242    27  1328     1  1169      346767  Sat Sep 19 14:36:25 2009
M3G20090815T083731_V00_LOC.IMG  1961  1632  2532    10  1665     1  1543      462900  Sat Sep 19 14:42:32 2009
M3G20090815T162202_V00_LOC.IMG  1965  1792  2574     1  1640     1  1529      454665  Sat Sep 19 14:47:14 2009
M3G20090816T005433_V00_LOC.IMG  1970  1937  2639     1  1644     1  1612      479633  Sat Sep 19 14:53:35 2009
