M3G20090609T101951_V00_LOC.IMG  1532  3834  4254     1  3447  8349 11707      637062  Fri Sep 18 23:25:01 2009
M3G20090609T183254_V00_LOC.IMG  1534  2853  3518     1  3447 15037 18398     1004165  Fri Sep 18 23:27:42 2009
M3G20090609T230815_V00_LOC.IMG  1539  2361  3028     1  3447  8581 11943     1004521  Fri Sep 18 23:32:32 2009
M3G20090609T234332_V00_LOC.IMG  1540  1868  2536     1  3447   415  3778     1004883  Fri Sep 18 23:33:04 2009
M3G20090610T070604_V00_LOC.IMG  1543  1375  2044     1  3447  8257 11621     1005240  Fri Sep 18 23:37:01 2009
M3G20090610T113334_V00_LOC.IMG  1545   880  1550     1  3447 15043 18408     1005483  Fri Sep 18 23:41:42 2009
M3G20090610T154042_V00_LOC.IMG  1548   405  1054   948  3447     1  2446      732813  Fri Sep 18 23:43:57 2009
M3G20090610T161308_V00_LOC.IMG  1549   385  1022     1   960  7852  8769      272235  Fri Sep 18 23:46:05 2009
M3G20090610T200344_V00_LOC.IMG  1552     1   557     1  3447 15067 18426      878210  Fri Sep 18 23:48:59 2009
M3G20090611T001830_V00_LOC.IMG  1555     1    59     1  3447  8214 11411       57893  Fri Sep 18 23:54:13 2009
