M3G20090603T134223_V00_LOC.IMG  1466  3116  3913    33  3513 20962 24277      992626  Fri Sep 18 21:55:39 2009
M3G20090603T174502_V00_LOC.IMG  1469  2696  3415    11  3484 15086 18399      991898  Fri Sep 18 21:58:03 2009
M3G20090603T221232_V00_LOC.IMG  1471  2274  2915     2  3464 11696 15007      991354  Fri Sep 18 22:00:52 2009
M3G20090604T023806_V00_LOC.IMG  1472  1807  2396     1  2378 15072 17335      677747  Fri Sep 18 22:02:47 2009
M3G20090604T064302_V00_LOC.IMG  1474  1307  1963     2  3464 21814 25123      990826  Fri Sep 18 22:05:53 2009
M3G20090604T104552_V00_LOC.IMG  1476   806  1539    13  3485 15093 18402      990880  Fri Sep 18 22:08:36 2009
M3G20090604T151322_V00_LOC.IMG  1478   305  1115    34  3514 21042 24352      991028  Fri Sep 18 22:13:55 2009
M3G20090604T191631_V00_LOC.IMG  1481     2   692    66  3535  8895 12206      663229  Fri Sep 18 22:16:55 2009
M3G20090728T130752_V00_LOC.IMG  1852  2326  2973     3  3465 18595 21872      980936  Sat Sep 19 12:44:20 2009
M3G20090728T171132_V00_LOC.IMG  1855  1903  2471     1  3453  1835  5110      980532  Sat Sep 19 12:46:13 2009
M3G20090728T214215_V00_LOC.IMG  1859  1409  2007     1  3462 19723 22936      961778  Sat Sep 19 12:52:02 2009
M3G20090729T020421_V00_LOC.IMG  1863   904  1577    11  3481  9991 13267      980589  Sat Sep 19 12:56:05 2009
M3G20090729T061427_V00_LOC.IMG  1867   402  1152    30  3509  6640  9917      980700  Sat Sep 19 12:57:47 2009
M3G20090729T101452_V00_LOC.IMG  1871     3   728    61  3535  1551  4828      782869  Sat Sep 19 13:00:55 2009
