M3G20090610T113334_V00_LOC.IMG  1545  2856  3020     2   294  1601  1900        4128  Fri Sep 18 23:39:45 2009
M3G20090610T200344_V00_LOC.IMG  1552  2689  3666     1  2038  1622  3734      114775  Fri Sep 18 23:46:58 2009
M3G20090611T043527_V00_LOC.IMG  1558  2521  4111     2  3335  1633  5030      574633  Fri Sep 18 23:57:28 2009
M3G20090612T064731_V00_LOC.IMG  1566  1473  2717    85  3607   448  3734      946959  Sat Sep 19 00:11:52 2009
M3G20090612T143522_V00_LOC.IMG  1571  1400  2303   642  3607     1  2883      858355  Sat Sep 19 00:18:23 2009
M3G20090612T230542_V00_LOC.IMG  1575  1242  1886  1770  3604     1  1788      530373  Sat Sep 19 00:25:38 2009
M3G20090613T073612_V00_LOC.IMG  1580  1169  2005    55  3601  1803  5234     1012212  Sat Sep 19 00:32:54 2009
M3G20090613T161036_V00_LOC.IMG  1586   754  1840     3  3566  1886  5314     1012000  Sat Sep 19 00:40:20 2009
M3G20090614T003642_V00_LOC.IMG  1590   533  1894    23  3534  2024  5423     1009975  Sat Sep 19 00:47:13 2009
M3G20090614T090712_V00_LOC.IMG  1595   124  1721     2  3451  2146  5459      947840  Sat Sep 19 00:56:48 2009
M3G20090614T175501_V00_LOC.IMG  1601     2  1550     2  3338  2090  5400      529740  Sat Sep 19 01:05:09 2009
M3G20090615T064852_V00_LOC.IMG  1604   940  1297     2   707  2222  2945       16770  Sat Sep 19 01:10:01 2009
M3G20090712T053922_V00_LOC.IMG  1767     3  1495     2  3285  1204  4574      345023  Sat Sep 19 10:33:25 2009
M3G20090712T142133_V00_LOC.IMG  1774   848  1325     2   956  1093  2079       28876  Sat Sep 19 10:42:56 2009
M3G20090722T022534_V00_LOC.IMG  1850  2770  4108     2  3230  2256  5679      104883  Sat Sep 19 12:37:56 2009
