M3G20090617T005342_V00_LOC.IMG  1623  3818  4254     1  3447 18409 21729      735382  Sat Sep 19 01:36:14 2009
M3G20090617T045633_V00_LOC.IMG  1625  3326  3918     1  3447 11644 14964      993612  Sat Sep 19 01:40:25 2009
M3G20090617T092403_V00_LOC.IMG  1627  2836  3427     1  3447 12312 15558      971334  Sat Sep 19 01:43:48 2009
M3G20090617T132653_V00_LOC.IMG  1630  2346  2937     1  3447 11676 14994      992962  Sat Sep 19 01:46:56 2009
M3G20090617T175422_V00_LOC.IMG  1632  1857  2447     1  3447 18395 21712      992763  Sat Sep 19 01:50:49 2009
M3G20090617T215703_V00_LOC.IMG  1634  1368  1958     1  3447  5375  8691      992635  Sat Sep 19 01:52:31 2009
M3G20090618T063933_V00_LOC.IMG  1637   398   987     1  3447 18332 21648      992419  Sat Sep 19 01:57:51 2009
M3G20090618T104223_V00_LOC.IMG  1639     1   499     1  3447  4654  7936      830742  Sat Sep 19 02:00:32 2009
M3G20090714T080142_V00_LOC.IMG  1795  3892  4254     1  3447 10669 13974      617204  Sat Sep 19 11:18:50 2009
M3G20090714T122932_V00_LOC.IMG  1797  3400  3978     1  3447 17142 20436      985940  Sat Sep 19 11:25:20 2009
M3G20090714T163242_V00_LOC.IMG  1799  2908  3486     1  3447 10622 13926      988873  Sat Sep 19 11:27:55 2009
M3G20090714T210032_V00_LOC.IMG  1801  2418  2995     1  3447 17238 20541      988589  Sat Sep 19 11:31:55 2009
M3G20090811T013030_V00_LOC.IMG  1917  2836  3405     1  3447 12693 15987      985804  Sat Sep 19 13:43:51 2009
M3G20090811T053041_V00_LOC.IMG  1919  2344  2913     1  3447 10759 14051      985529  Sat Sep 19 13:46:24 2009
M3G20090811T100003_V00_LOC.IMG  1922  1853  2421  1784  3447     1  1568      469596  Sat Sep 19 13:48:17 2009
M3G20090811T101138_V00_LOC.IMG  1923  1860  2415     1  1791 17465 19188      515510  Sat Sep 19 13:50:22 2009
M3G20090811T135702_V00_LOC.IMG  1925  1363  1931     1  3447   194  3486      985288  Sat Sep 19 13:51:02 2009
