M3G20090604T191631_V00_LOC.IMG  1481  3794  4247  1098  3457     1  2260      258931  Fri Sep 18 22:15:24 2009
M3G20090604T195758_V00_LOC.IMG  1482  3684  4028     2  1127  5120  6209      129582  Fri Sep 18 22:19:13 2009
M3G20090604T234352_V00_LOC.IMG  1484  3217  4114    11  3493 11828 15182     1002342  Fri Sep 18 22:21:17 2009
M3G20090605T040250_V00_LOC.IMG  1487  2786  3611    45  3519  5155  8510     1002460  Fri Sep 18 22:25:17 2009
M3G20090605T081431_V00_LOC.IMG  1489  2354  3107    67  3532  6193  9549     1002703  Fri Sep 18 22:27:22 2009
M3G20090605T170055_V00_LOC.IMG  1494  1484  2099    75  3535  5115  8474     1003259  Fri Sep 18 22:32:31 2009
M3G20090605T212253_V00_LOC.IMG  1497   980  1663    56  3529 11917 15277     1003547  Fri Sep 18 22:36:10 2009
M3G20090606T010302_V00_LOC.IMG  1499   478  1232    28  3512  5204  8565     1003585  Fri Sep 18 22:37:28 2009
M3G20090606T053022_V00_LOC.IMG  1501     3   804     2  3484 11994 15347      885740  Fri Sep 18 22:42:16 2009
M3G20090729T104424_V00_LOC.IMG  1872  3805  4246     1  3445  4575  7907      184329  Sat Sep 19 13:03:09 2009
M3G20090729T145353_V00_LOC.IMG  1875  3375  4236     2  3485   616  3885      952916  Sat Sep 19 13:05:17 2009
M3G20090729T185951_V00_LOC.IMG  1879  2942  3731    34  3513  1130  4258      935099  Sat Sep 19 13:10:16 2009
M3G20090729T233354_V00_LOC.IMG  1883  2509  3226    61  3530 10357 13597      968862  Sat Sep 19 13:14:14 2009
M3G20090730T034057_V00_LOC.IMG  1887  2082  2721   537  3535     1  2826      847102  Sat Sep 19 13:17:01 2009
M3G20090730T040120_V00_LOC.IMG  1888  2075  2678    77   548  4469  4914      131590  Sat Sep 19 13:18:11 2009
M3G20090730T075553_V00_LOC.IMG  1891  1615  2232   920  3535     1  2287      685028  Sat Sep 19 13:19:13 2009
M3G20090730T081634_V00_LOC.IMG  1892  1637  2240    79   930 11090 11841      223183  Sat Sep 19 13:21:20 2009
M3G20090730T122229_V00_LOC.IMG  1898  1109  1808    63  3532  4329  7583      972924  Sat Sep 19 13:24:10 2009
M3G20090730T163918_V00_LOC.IMG  1901   605  1376    39  3516  6716  9980      976107  Sat Sep 19 13:27:17 2009
M3G20090730T205153_V00_LOC.IMG  1907   103   946     4  3491  4287  7530      969666  Sat Sep 19 13:30:29 2009
M3G20090731T005012_V00_LOC.IMG  1909     3   518     2  3454  4473  7676      315416  Sat Sep 19 13:32:08 2009
