M3G20090613T200943_V00_LOC.IMG  1588  3753  4246     1  3445  5213  8569      214234  Sat Sep 19 00:43:21 2009
M3G20090614T003642_V00_LOC.IMG  1590  3459  4247     1  3478 12124 15481      808648  Sat Sep 19 00:48:22 2009
M3G20090614T045922_V00_LOC.IMG  1593  3040  3862    26  3508  5367  8702      997283  Sat Sep 19 00:54:24 2009
M3G20090614T090712_V00_LOC.IMG  1595  2621  3366    54  3527 12067 15423     1003355  Sat Sep 19 00:57:46 2009
M3G20090614T131003_V00_LOC.IMG  1597  2218  2870  1000  3535     1  2441      731147  Sat Sep 19 00:59:34 2009
M3G20090614T135122_V00_LOC.IMG  1598  2203  2817    73  1012  5465  6377      271339  Sat Sep 19 01:02:58 2009
M3G20090614T175501_V00_LOC.IMG  1601  1758  2381    82  3535 11804 15145      998879  Sat Sep 19 01:06:49 2009
M3G20090615T062313_V00_LOC.IMG  1603   276   927  2828  3502     1   611      182201  Sat Sep 19 01:07:46 2009
M3G20090615T064852_V00_LOC.IMG  1604   324  1120    20  2863 12216 14945      816350  Sat Sep 19 01:11:15 2009
M3G20090615T102602_V00_LOC.IMG  1606     3   547  1641  3469     1  1727      331293  Sat Sep 19 01:11:49 2009
M3G20090615T110554_V00_LOC.IMG  1607   169   699     2  1682  5545  7163      310606  Sat Sep 19 01:16:11 2009
M3G20090712T050712_V00_LOC.IMG  1766  1349  2032    73  3535    15  3330      990805  Sat Sep 19 10:30:32 2009
M3G20090712T093119_V00_LOC.IMG  1770   854  1611    54  3526  4460  7719      974127  Sat Sep 19 10:38:30 2009
M3G20090712T133812_V00_LOC.IMG  1772   360  1190    25  3506    83  3424      998912  Sat Sep 19 10:40:37 2009
M3G20090712T175144_V00_LOC.IMG  1777     3   769     2  3475  4344  7684      768003  Sat Sep 19 10:45:29 2009
M3G20090712T220912_V00_LOC.IMG  1779   197   347     1  1343 11066 12381        8665  Sat Sep 19 10:50:35 2009
