M3G20090602T074711_V00_LOC.IMG  1452  4039  4323  1509  3435     1  1899       52394  Fri Sep 18 21:33:19 2009
M3G20090602T082937_V00_LOC.IMG  1453  3844  4108     2  1520  4173  5637       56873  Fri Sep 18 21:36:42 2009
M3G20090602T124100_V00_LOC.IMG  1456  3498  4323     2  3477 11678 14758      674431  Fri Sep 18 21:40:08 2009
M3G20090602T164851_V00_LOC.IMG  1459  3151  4042    18  3509 11322 14695     1007745  Fri Sep 18 21:43:08 2009
M3G20090602T203342_V00_LOC.IMG  1461  2801  3619    50  3533  4583  7954     1007411  Fri Sep 18 21:44:36 2009
M3G20090603T010112_V00_LOC.IMG  1463  2441  3189    74  3547  8303 11673     1007069  Fri Sep 18 21:47:58 2009
M3G20090603T050442_V00_LOC.IMG  1465  2089  2763    91  3551  4811  8180     1006920  Fri Sep 18 21:50:28 2009
M3G20090603T134223_V00_LOC.IMG  1466  1306  2022    82  3550  7610 10979     1006920  Fri Sep 18 21:54:12 2009
M3G20090603T174502_V00_LOC.IMG  1469   879  1669    61  3539  1738  5107     1007001  Fri Sep 18 21:57:10 2009
M3G20090603T221232_V00_LOC.IMG  1471   452  1187  1668  3519     1  1721      515121  Fri Sep 18 22:00:00 2009
M3G20090604T023806_V00_LOC.IMG  1472    32   977     2  3491  1728  5097      986734  Fri Sep 18 22:02:00 2009
M3G20090604T064302_V00_LOC.IMG  1474     3   624     2  3452  8471 11839      356166  Fri Sep 18 22:04:58 2009
M3G20090728T130752_V00_LOC.IMG  1852   580  1449    43  3526  5318  8687     1006286  Sat Sep 19 12:42:52 2009
M3G20090728T174122_V00_LOC.IMG  1856   152  1094     9  3499  1421  4768      999763  Sat Sep 19 12:48:12 2009
M3G20090728T214215_V00_LOC.IMG  1859     2   740     2  3463  6578  9924      542208  Sat Sep 19 12:50:49 2009
M3G20090729T022657_V00_LOC.IMG  1864   359   394     1   239  1375  1602         583  Sat Sep 19 12:56:45 2009
