M3G20090612T101600_V00_LOC.IMG  1569  4061  4246    92  2103 13225 15173       42619  Sat Sep 19 00:15:40 2009
M3G20090612T143522_V00_LOC.IMG  1571  3561  4247    52  3535 19588 22982      771909  Sat Sep 19 00:20:22 2009
M3G20090612T183813_V00_LOC.IMG  1573  3133  3790    24  3519 12263 15661     1009854  Sat Sep 19 00:22:59 2009
M3G20090612T230542_V00_LOC.IMG  1575  2651  3323     7  3488 18487 21884     1009310  Sat Sep 19 00:27:28 2009
M3G20090613T032520_V00_LOC.IMG  1578  2034  2673     1  3459 15000 18192      953523  Sat Sep 19 00:31:32 2009
M3G20090613T073612_V00_LOC.IMG  1580  1534  2245     1  3457 21882 25230     1000525  Sat Sep 19 00:34:36 2009
M3G20090613T113913_V00_LOC.IMG  1582  1117  1817  1388  3471     1  2016      603880  Sat Sep 19 00:36:03 2009
M3G20090613T120320_V00_LOC.IMG  1583  1035  1714     6  1417 15291 16620      395969  Sat Sep 19 00:39:00 2009
M3G20090613T161036_V00_LOC.IMG  1586   536  1390    22  3496 22050 25395      999838  Sat Sep 19 00:41:50 2009
M3G20090613T200943_V00_LOC.IMG  1588    38   964    49  3529 15245 18589      999510  Sat Sep 19 00:44:36 2009
M3G20090614T003642_V00_LOC.IMG  1590     3   437    91  3535 22150 25485      178506  Sat Sep 19 00:50:33 2009
