M3G20090613T073612_V00_LOC.IMG  1580  3865  4323   111  3551 25217 28455      143825  Sat Sep 19 00:34:54 2009
M3G20090613T113913_V00_LOC.IMG  1582  3512  4323    71  3551  2004  5323      804856  Sat Sep 19 00:36:16 2009
M3G20090613T160643_V00_LOC.IMG  1585  3160  3801  2789  3533     1   672      200446  Sat Sep 19 00:39:14 2009
M3G20090613T161036_V00_LOC.IMG  1586  3204  3952    40  2822 25383 28051      797818  Sat Sep 19 00:42:07 2009
M3G20090613T200943_V00_LOC.IMG  1588  2808  3527    17  3502 18577 21917      998277  Sat Sep 19 00:44:51 2009
M3G20090614T003642_V00_LOC.IMG  1590  2301  3000     3  3470 25481 28814      998029  Sat Sep 19 00:50:55 2009
M3G20090614T043933_V00_LOC.IMG  1592  1950  2572   351  3457     1  2985      894920  Sat Sep 19 00:51:53 2009
M3G20090614T045922_V00_LOC.IMG  1593  1988  2575     2   360 18396 18741      102099  Sat Sep 19 00:55:30 2009
M3G20090614T090712_V00_LOC.IMG  1595  1567  2205     1  3462 25406 28738      997806  Sat Sep 19 00:58:42 2009
M3G20090614T131003_V00_LOC.IMG  1597  1143  1855     7  3478 12431 15752      994468  Sat Sep 19 01:00:28 2009
M3G20090614T173733_V00_LOC.IMG  1600   721  1505    21  3502  5638  8971      997625  Sat Sep 19 01:03:45 2009
M3G20090615T062313_V00_LOC.IMG  1603     1   460   119  3551 10269 13522       85642  Sat Sep 19 01:08:50 2009
M3G20090712T050712_V00_LOC.IMG  1766   371  1200    41  3528 13149 16305      944802  Sat Sep 19 10:32:16 2009
M3G20090712T091032_V00_LOC.IMG  1769    77   850   752  3551     1  2650      670429  Sat Sep 19 10:35:24 2009
M3G20090712T093119_V00_LOC.IMG  1770     1   577    72   793 17443 18041      159837  Sat Sep 19 10:39:54 2009
M3G20090712T133812_V00_LOC.IMG  1772     2   502   113  3551 13353 16661      174359  Sat Sep 19 10:41:24 2009
