M3G20090621T193712_V00_LOC.IMG  1661  3155  3911    32  3517 14846 18171      994347  Sat Sep 19 02:29:00 2009
M3G20090622T041041_V00_LOC.IMG  1663  2282  2860  2676  3465     1   759      226966  Sat Sep 19 02:30:19 2009
M3G20090622T042035_V00_LOC.IMG  1664  2289  2897     1  2686 21850 24414      767141  Sat Sep 19 02:32:57 2009
M3G20090622T082242_V00_LOC.IMG  1667  1797  2424     1  3453 15052 18365      991106  Sat Sep 19 02:35:35 2009
M3G20090622T124051_V00_LOC.IMG  1669  1294  1997     2  3463 18831 22083      972548  Sat Sep 19 02:38:55 2009
M3G20090623T012541_V00_LOC.IMG  1671     2   721    67  3535 21679 24998      678871  Sat Sep 19 02:43:09 2009
M3G20090719T073150_V00_LOC.IMG  1829  2767  3446    13  3488  6469  9779      989911  Sat Sep 19 12:05:52 2009
M3G20090719T113510_V00_LOC.IMG  1832  2340  2944     2  3466  6861 10160      986626  Sat Sep 19 12:09:42 2009
M3G20090719T160300_V00_LOC.IMG  1835  1854  2469     1  3454 21611 24921      989978  Sat Sep 19 12:15:12 2009
M3G20090719T200620_V00_LOC.IMG  1837  1393  2041  1029  3462     1  2239      670969  Sat Sep 19 12:16:18 2009
M3G20090719T203200_V00_LOC.IMG  1838  1351  1956     2   696 14870 15512      190314  Sat Sep 19 12:19:05 2009
M3G20090720T003411_V00_LOC.IMG  1840   841  1603    12  3481 21691 25000      989955  Sat Sep 19 12:21:38 2009
M3G20090720T043741_V00_LOC.IMG  1842   338  1175    33  3509 14952 18262      990027  Sat Sep 19 12:23:56 2009
M3G20090720T090521_V00_LOC.IMG  1844     2   748    65  3534 21682 24985      738568  Sat Sep 19 12:29:04 2009
M3G20090815T074952_V00_LOC.IMG  1960  3515  4246    59  3535 19164 22252      751765  Sat Sep 19 14:41:04 2009
M3G20090815T115352_V00_LOC.IMG  1963  3089  3825    29  3510 14816 18112      985928  Sat Sep 19 14:44:40 2009
M3G20090815T162202_V00_LOC.IMG  1965  2661  3323     9  3481 21447 24743      985971  Sat Sep 19 14:49:45 2009
M3G20090815T202602_V00_LOC.IMG  1967  2233  2820     2  3462     1  3291      986070  Sat Sep 19 14:50:47 2009
M3G20090815T205242_V00_LOC.IMG  1968  2242  2342     1     6 14913 14918         155  Sat Sep 19 14:53:05 2009
M3G20090816T005433_V00_LOC.IMG  1970  1737  2352     1  3454 21708 25005      986340  Sat Sep 19 14:55:50 2009
M3G20090816T045833_V00_LOC.IMG  1972  1232  1923     3  3465   519  3815      986319  Sat Sep 19 14:56:59 2009
