M3G20090617T175422_V00_LOC.IMG  1632  2818  3309     2  1076  1765  2860       25568  Sat Sep 19 01:49:26 2009
M3G20090618T063933_V00_LOC.IMG  1637  2534  4111     1  3386  1699  5066      724378  Sat Sep 19 01:56:00 2009
M3G20090620T094042_V00_LOC.IMG  1644   969  1701  2265  3586     1  1241      370284  Sat Sep 19 02:08:33 2009
M3G20090620T102457_V00_LOC.IMG  1645  1102  1955    45  2327  1732  3733      588856  Sat Sep 19 02:11:40 2009
M3G20090620T181042_V00_LOC.IMG  1650   530  1763     2  3532   328  3723     1003807  Sat Sep 19 02:16:06 2009
M3G20090621T065503_V00_LOC.IMG  1656     2  1386   329  3393     1  3037      606072  Sat Sep 19 02:22:29 2009
M3G20090621T074309_V00_LOC.IMG  1657  1083  1493     2   430  1553  1891       48169  Sat Sep 19 02:25:03 2009
M3G20090621T160702_V00_LOC.IMG  1658     1  1325     2  3263  1465  4830      156539  Sat Sep 19 02:25:40 2009
M3G20090717T005406_V00_LOC.IMG  1804  1747  2467   131  2404  1584  3780      649502  Sat Sep 19 11:35:54 2009
M3G20090717T084032_V00_LOC.IMG  1809  1454  2142  1365  3607     1  2192      655628  Sat Sep 19 11:39:39 2009
M3G20090717T092657_V00_LOC.IMG  1810  1518  2195   102  1385  1558  2758      349936  Sat Sep 19 11:43:35 2009
M3G20090717T174705_V00_LOC.IMG  1819  1006  1997    52  3590  1569  4981     1010774  Sat Sep 19 11:49:51 2009
M3G20090718T014252_V00_LOC.IMG  1823   571  1812     2  3540  1578  4990     1011465  Sat Sep 19 11:54:38 2009
M3G20090718T101402_V00_LOC.IMG  1827   144  1626     2  3458  1542  4911      909884  Sat Sep 19 12:01:44 2009
M3G20090811T101138_V00_LOC.IMG  1923  2810  3342     2  1163   800  1998       28691  Sat Sep 19 13:49:03 2009
M3G20090812T071513_V00_LOC.IMG  1927  2346  3823     2  3491  1411  4805      996705  Sat Sep 19 13:54:13 2009
M3G20090812T154723_V00_LOC.IMG  1931  2145  3389    39  3562  1405  4815     1014352  Sat Sep 19 14:02:58 2009
M3G20090813T001943_V00_LOC.IMG  1936  1936  2940    93  3601  1389  4803     1014245  Sat Sep 19 14:09:47 2009
M3G20090813T172403_V00_LOC.IMG  1943  1417  2201    98  3607  1192  4614     1014698  Sat Sep 19 14:19:48 2009
M3G20090814T021520_V00_LOC.IMG  1951   972  2007    48  3589  1198  4542      990310  Sat Sep 19 14:28:22 2009
M3G20090814T102823_V00_LOC.IMG  1957   531  1506  1563  3536     1  1883      563005  Sat Sep 19 14:34:05 2009
M3G20090814T111459_V00_LOC.IMG  1958   872  1815     2  1681  1129  2672      451776  Sat Sep 19 14:36:37 2009
M3G20090815T074952_V00_LOC.IMG  1960     3  1186   447  3269     1  2845      162687  Sat Sep 19 14:37:32 2009
M3G20090815T083731_V00_LOC.IMG  1961  1038  1357    17   511  1544  1981       32482  Sat Sep 19 14:42:37 2009
M3G20090815T162202_V00_LOC.IMG  1965  1190  1205     2    33  1509  1541          45  Sat Sep 19 14:47:43 2009
