M3G20090528T083319_V00_LOC.IMG  1406  2416  3176    10  3504 21360 24696      995811  Fri Sep 18 20:16:51 2009
M3G20090528T130108_V00_LOC.IMG  1408  2208  2829     1  2387 28157 30432      679889  Fri Sep 18 20:22:09 2009
M3G20090528T213152_V00_LOC.IMG  1410  1530  2268     2  2541 28751 31166      721991  Fri Sep 18 20:24:59 2009
M3G20090529T013507_V00_LOC.IMG  1412  1586  2467   794  3459     1  2590      768398  Fri Sep 18 20:25:33 2009
M3G20090529T015004_V00_LOC.IMG  1413  1484  2176     2   860 21116 21910      231324  Fri Sep 18 20:28:26 2009
M3G20090529T060422_V00_LOC.IMG  1415  1135  1955    13  1577  1989  3451      431975  Fri Sep 18 20:28:54 2009
M3G20090529T100749_V00_LOC.IMG  1417   786  2017    36  3500 21791 25177     1000694  Fri Sep 18 20:34:23 2009
M3G20090529T143509_V00_LOC.IMG  1419   438  1378    73  1726 29492 31020      451764  Fri Sep 18 20:40:39 2009
M3G20090529T183825_V00_LOC.IMG  1421    93  1565   123  3575 22146 25533     1001453  Fri Sep 18 20:44:06 2009
M3G20090529T230608_V00_LOC.IMG  1423     1   777   186  1747 29565 31019      285078  Fri Sep 18 20:49:50 2009
M3G20090530T030925_V00_LOC.IMG  1425   196  1043  1072  3616 23051 25602      154031  Fri Sep 18 20:52:27 2009
M3G20090623T182551_V00_LOC.IMG  1684  3833  4391   247  2269 27829 29792       72198  Sat Sep 19 02:56:19 2009
M3G20090624T024856_V00_LOC.IMG  1687  3069  4217   115  3616 12278 15585      985604  Sat Sep 19 02:58:12 2009
M3G20090624T071103_V00_LOC.IMG  1690  3043  3878    68  2140 25379 27289      571300  Sat Sep 19 03:02:45 2009
