M3G20090605T163636_V00_LOC.IMG  1493  3332  4390   186  3616  7807 11111      531694  Fri Sep 18 22:30:44 2009
M3G20090605T210002_V00_LOC.IMG  1496  3420  4280   126  1945 11823 13476      493735  Fri Sep 18 22:34:11 2009
M3G20090606T010302_V00_LOC.IMG  1499  2921  3951    77  3589 21813 25125      989213  Fri Sep 18 22:38:56 2009
M3G20090606T053022_V00_LOC.IMG  1501  2880  3618    40  1835 28592 30246      493533  Fri Sep 18 22:44:17 2009
M3G20090606T093322_V00_LOC.IMG  1503  2505  3284    16  3515  5237  8554      989884  Fri Sep 18 22:45:25 2009
M3G20090607T070124_V00_LOC.IMG  1506  1008  1791    21  1702 18308 19865      464078  Fri Sep 18 22:49:25 2009
M3G20090607T110414_V00_LOC.IMG  1510   667  1798    50  3530 19185 22523      994987  Fri Sep 18 22:52:51 2009
M3G20090607T153144_V00_LOC.IMG  1513   328  1219    90  1754 28735 30254      452634  Fri Sep 18 22:58:19 2009
M3G20090607T193433_V00_LOC.IMG  1515     2  1365   144  3616 12492 15833      981501  Fri Sep 18 23:01:03 2009
M3G20090608T000122_V00_LOC.IMG  1519     2   770   207  2181 28468 30351      273264  Fri Sep 18 23:08:32 2009
M3G20090608T040423_V00_LOC.IMG  1521   315   951  1562  3615  1466  3521       76074  Fri Sep 18 23:09:16 2009
M3G20090730T031812_V00_LOC.IMG  1886  3449  4390   249  3616  3907  7109      172983  Sat Sep 19 13:15:32 2009
M3G20090730T074602_V00_LOC.IMG  1890  3450  4392   177  2705  3374  5695      492159  Sat Sep 19 13:18:41 2009
M3G20090730T115533_V00_LOC.IMG  1895  3036  4203   118  3610  4091  7291      959232  Sat Sep 19 13:22:46 2009
M3G20090730T161742_V00_LOC.IMG  1900  2961  3870    70  2677  9964 12322      706414  Sat Sep 19 13:25:53 2009
M3G20090730T202434_V00_LOC.IMG  1902  2619  3314  1970  3528     1  1414      423839  Sat Sep 19 13:27:45 2009
M3G20090730T203537_V00_LOC.IMG  1903  2856  3536    35  1361  2616  3781      348504  Sat Sep 19 13:28:26 2009
M3G20090731T005012_V00_LOC.IMG  1909  2514  3203    13  2092 20376 22173      538091  Sat Sep 19 13:34:11 2009
M3G20090731T045352_V00_LOC.IMG  1912  2201  2866     3  3475 21013 24219      960506  Sat Sep 19 13:37:31 2009
M3G20090731T092152_V00_LOC.IMG  1914  1974  2528     1  2079 27640 29553      572559  Sat Sep 19 13:40:54 2009
