M3G20090531T132341_V00_LOC.IMG  1433  3724  4301   305  3551     1  3135      308861  Fri Sep 18 21:03:15 2009
M3G20090531T133050_V00_LOC.IMG  1434  4123  4322   103   316  6449  6645       17576  Fri Sep 18 21:04:22 2009
M3G20090531T172712_V00_LOC.IMG  1437  3377  4310    65  3552 19201 22534      976643  Fri Sep 18 21:09:34 2009
M3G20090531T215442_V00_LOC.IMG  1439  3029  3888    36  3520 26272 29603      997345  Fri Sep 18 21:15:40 2009
M3G20090601T021112_V00_LOC.IMG  1441  2681  3465    16  3491 27146 30475      996713  Fri Sep 18 21:19:18 2009
M3G20090601T061442_V00_LOC.IMG  1443  2332  2954  2643  3470     1   766      229288  Fri Sep 18 21:19:53 2009
M3G20090601T062753_V00_LOC.IMG  1444  2365  3041     4  2663  4899  7457      765914  Fri Sep 18 21:21:36 2009
M3G20090601T104211_V00_LOC.IMG  1447  1987  2617     2  3253 27420 30547      936593  Fri Sep 18 21:26:25 2009
M3G20090601T145212_V00_LOC.IMG  1448  1615  2231     1  3461 20582 23906      995146  Fri Sep 18 21:28:40 2009
M3G20090602T074711_V00_LOC.IMG  1452     2   860    71  3551 15237 18557      856283  Fri Sep 18 21:35:18 2009
M3G20090602T121452_V00_LOC.IMG  1455     2   405   111  2653 12950 15415      139114  Fri Sep 18 21:38:10 2009
M3G20090627T201242_V00_LOC.IMG  1710  3816  4322   115  3551 22142 25429      156930  Sat Sep 19 03:31:13 2009
