M3G20090529T061013_V00_LOC.IMG  1416  3372  3990     1  1688  5916  7656       85962  Fri Sep 18 20:30:13 2009
M3G20090529T100749_V00_LOC.IMG  1417  3761  4391  1756  3382     1  1590      139040  Fri Sep 18 20:32:25 2009
M3G20090529T143509_V00_LOC.IMG  1419  2968  4392     1  3450  5865  9321      852622  Fri Sep 18 20:37:07 2009
M3G20090529T183825_V00_LOC.IMG  1421  3131  4268  1421  3507     1  1979      590099  Fri Sep 18 20:41:24 2009
M3G20090529T230608_V00_LOC.IMG  1423  2561  3942    81  3551  5930  9380     1018938  Fri Sep 18 20:46:39 2009
M3G20090530T030925_V00_LOC.IMG  1425  2625  3630  1386  3582     1  2098      626382  Fri Sep 18 20:50:33 2009
M3G20090530T073724_V00_LOC.IMG  1427  2191  3298   133  3605  6216  9648     1015914  Fri Sep 18 20:54:50 2009
M3G20090530T160828_V00_LOC.IMG  1429  1778  2630   151  3616  6281  9709     1015174  Fri Sep 18 20:58:02 2009
M3G20090530T201123_V00_LOC.IMG  1431  1598  2294  1339  3616     1  2215      661775  Fri Sep 18 21:00:16 2009
M3G20090531T134207_V00_LOC.IMG  1435   669  1761    71  3573  5832  9226     1012768  Fri Sep 18 21:05:53 2009
M3G20090531T172712_V00_LOC.IMG  1437   333  1386   967  3535     1  2446      732496  Fri Sep 18 21:08:05 2009
M3G20090531T215442_V00_LOC.IMG  1439     2  1336     2  3484  6130  9525      940612  Fri Sep 18 21:13:22 2009
M3G20090601T021112_V00_LOC.IMG  1441     3  1125     2  3420  7007 10403      496417  Fri Sep 18 21:17:55 2009
M3G20090601T064032_V00_LOC.IMG  1445   229   916     1  2409   178  2620       61580  Fri Sep 18 21:22:14 2009
M3G20090626T142653_V00_LOC.IMG  1692  3076  4113     2  3527  4349  7758      989317  Sat Sep 19 03:04:14 2009
M3G20090626T142733_V00_LOC.IMG  1693  3076  4113     2  3527  4327  7589      946568  Sat Sep 19 03:08:09 2009
M3G20090626T190524_V00_LOC.IMG  1699  3077  3782  2624  3567     1   851      252485  Sat Sep 19 03:13:07 2009
M3G20090627T031213_V00_LOC.IMG  1701  2036  2752   147  3616  2969  6363     1013152  Sat Sep 19 03:14:56 2009
M3G20090627T114223_V00_LOC.IMG  1705  1433  2246   137  3615  2725  6119     1012798  Sat Sep 19 03:21:09 2009
M3G20090627T201242_V00_LOC.IMG  1710   759  1821    81  3581  2387  5696      987223  Sat Sep 19 03:28:42 2009
