M3G20090618T104223_V00_LOC.IMG  1639  3826  4247    92  3535  7929 11146      156213  Sat Sep 19 02:00:50 2009
M3G20090717T000932_V00_LOC.IMG  1803   803  1554    13  3484 11210 14513      988548  Sat Sep 19 11:34:39 2009
M3G20090717T041548_V00_LOC.IMG  1807   313  1142    34  3512 14831 18135      988711  Sat Sep 19 11:38:00 2009
M3G20090717T084032_V00_LOC.IMG  1809     3   729    66  3534 18642 21942      707951  Sat Sep 19 11:42:23 2009
M3G20090812T071513_V00_LOC.IMG  1927  3391  4214    52  3534 21285 24486      957497  Sat Sep 19 13:56:47 2009
M3G20090812T111903_V00_LOC.IMG  1929  2979  3726    24  3501 14432 17684      973717  Sat Sep 19 13:59:40 2009
M3G20090812T154723_V00_LOC.IMG  1931  2567  3238     7  3476 21387 24672      983722  Sat Sep 19 14:04:46 2009
M3G20090812T195416_V00_LOC.IMG  1934  2155  2749     1  3459 14597 17884      983913  Sat Sep 19 14:07:17 2009
M3G20090813T001943_V00_LOC.IMG  1936  1694  2291     1  3455 21377 24665      984120  Sat Sep 19 14:11:56 2009
M3G20090813T042332_V00_LOC.IMG  1938  1204  1878     4  3467 14510 17798      984303  Sat Sep 19 14:14:31 2009
M3G20090813T125543_V00_LOC.IMG  1940   223  1052    40  3518  3058  6344      983500  Sat Sep 19 14:16:55 2009
M3G20090813T172403_V00_LOC.IMG  1943     2   638    74  3535 20833 24121      545321  Sat Sep 19 14:22:53 2009
