M3G20090520T065048_V00_LOC.IMG  1402   703  1469    15  3491 15141 18486     1001321  Fri Sep 18 20:07:39 2009
M3G20090520T111838_V00_LOC.IMG  1404   210  1051    38  3522 22492 25836     1001014  Fri Sep 18 20:12:17 2009
M3G20090615T102602_V00_LOC.IMG  1606  3682  4246    79  3534  8302 11630      404977  Sat Sep 19 01:13:36 2009
M3G20090615T145333_V00_LOC.IMG  1609  3262  3934  2261  3527     1  1200      359309  Sat Sep 19 01:16:38 2009
M3G20090615T185632_V00_LOC.IMG  1611  2841  3621    18  3494 15742 19070      996004  Sat Sep 19 01:18:54 2009
M3G20090615T232402_V00_LOC.IMG  1613  2420  3124     4  3470 22437 25764      995631  Sat Sep 19 01:22:38 2009
M3G20090616T032653_V00_LOC.IMG  1615  2000  2628     1  3456 15769 19095      995289  Sat Sep 19 01:24:55 2009
M3G20090616T075432_V00_LOC.IMG  1617  1536  2154     1  3459 17196 20478      982318  Sat Sep 19 01:28:05 2009
M3G20090616T115723_V00_LOC.IMG  1620  1042  1735     6  3474 10522 13844      994586  Sat Sep 19 01:30:46 2009
M3G20090617T005342_V00_LOC.IMG  1623     2   483    86  3534 21722 25039      268665  Sat Sep 19 01:37:09 2009
M3G20090712T175144_V00_LOC.IMG  1777  3752  4247    86  3535 14306 17616      279614  Sat Sep 19 10:47:39 2009
M3G20090712T220912_V00_LOC.IMG  1779  3331  4185    49  3531 21021 24333      991144  Sat Sep 19 10:51:44 2009
M3G20090713T021312_V00_LOC.IMG  1781  2909  3688    22  3497 14457 17768      990993  Sat Sep 19 10:54:04 2009
M3G20090713T064052_V00_LOC.IMG  1783  2487  3191     6  3473 20966 24255      984305  Sat Sep 19 10:58:14 2009
M3G20090713T104412_V00_LOC.IMG  1785  2066  2694     1  3457 14287 17512      965043  Sat Sep 19 11:00:41 2009
M3G20090713T151202_V00_LOC.IMG  1787  1613  2206     1  3457 21019 24327      989911  Sat Sep 19 11:04:34 2009
M3G20090713T192732_V00_LOC.IMG  1789  1119  1786     5  3471 20958 24264      989537  Sat Sep 19 11:07:19 2009
M3G20090713T233042_V00_LOC.IMG  1791   625  1367    19  3495 14106 17411      989218  Sat Sep 19 11:09:32 2009
M3G20090714T035832_V00_LOC.IMG  1793   132   947    44  3529  7707 10208      747915  Sat Sep 19 11:15:11 2009
M3G20090714T080142_V00_LOC.IMG  1795     3   531    81  3534 13967 17267      370135  Sat Sep 19 11:19:31 2009
