M3G20090623T012541_V00_LOC.IMG  1671  3596  4247     2  3462 11660 15022      518315  Sat Sep 19 02:41:21 2009
M3G20090623T052831_V00_LOC.IMG  1673  3168  4067    15  3497  1748  5112     1005176  Sat Sep 19 02:44:33 2009
M3G20090623T095551_V00_LOC.IMG  1676  2740  3566    46  3521  3188  6555     1005853  Sat Sep 19 02:47:35 2009
M3G20090623T143347_V00_LOC.IMG  1682  2313  3066    68  3533  4797  8093      984659  Sat Sep 19 02:52:40 2009
M3G20090623T182551_V00_LOC.IMG  1684  1886  2567    81  3535 11395 14744     1000729  Sat Sep 19 02:54:56 2009
M3G20090624T032004_V00_LOC.IMG  1688   942  1657    55  3528  4915  8227      989400  Sat Sep 19 02:59:37 2009
M3G20090624T071103_V00_LOC.IMG  1690   446  1237    27  3511  8707 12085     1009030  Sat Sep 19 03:01:15 2009
M3G20090720T090521_V00_LOC.IMG  1844  3619  4246     2  3459 11688 15046      471492  Sat Sep 19 12:27:02 2009
M3G20090720T173631_V00_LOC.IMG  1846  2762  3593    45  3519 11677 15040     1004591  Sat Sep 19 12:31:36 2009
M3G20090720T214000_V00_LOC.IMG  1848  2334  3092    68  3533  4944  8309     1005292  Sat Sep 19 12:33:49 2009
