M3G20090609T183254_V00_LOC.IMG  1534  3361  4322     2  3484  8329 11701      927707  Fri Sep 18 23:27:07 2009
M3G20090609T230815_V00_LOC.IMG  1539  3019  3958    32  3515  1874  5245     1005869  Fri Sep 18 23:32:07 2009
M3G20090610T032955_V00_LOC.IMG  1541  2675  3541    60  3536  8325 11695     1005759  Fri Sep 18 23:35:36 2009
M3G20090610T070604_V00_LOC.IMG  1543  2331  3123    81  3548  1549  4919     1005642  Fri Sep 18 23:36:34 2009
M3G20090610T113334_V00_LOC.IMG  1545  1987  2704    94  3551  8335 11705     1005561  Fri Sep 18 23:40:57 2009
M3G20090610T161308_V00_LOC.IMG  1549  1642  2284    92  3552  1144  4514     1005495  Fri Sep 18 23:45:49 2009
M3G20090610T200344_V00_LOC.IMG  1552  1259  1927    77  3549  8353 11722     1005452  Fri Sep 18 23:47:54 2009
M3G20090611T001830_V00_LOC.IMG  1555   839  1582    55  3538  1556  4890      994916  Fri Sep 18 23:52:51 2009
M3G20090611T043527_V00_LOC.IMG  1558   420  1239    25  3518  8362 11731     1005415  Fri Sep 18 23:58:35 2009
M3G20090611T090220_V00_LOC.IMG  1561     2   896     2  3488  1605  4964      916551  Sat Sep 19 00:03:06 2009
M3G20090722T022534_V00_LOC.IMG  1850   729  1634    55  3536  9101 12519     1023010  Sat Sep 19 12:39:12 2009
