M3G20090607T153144_V00_LOC.IMG  1513  3334  4391     1  3372  5322  8703      267356  Fri Sep 18 22:55:23 2009
M3G20090607T201038_V00_LOC.IMG  1516  3464  4390  1300  3443     1  2046      424713  Fri Sep 18 23:02:27 2009
M3G20090608T000122_V00_LOC.IMG  1519  2891  4252    21  3505  5030  8427     1009868  Fri Sep 18 23:05:33 2009
M3G20090608T042049_V00_LOC.IMG  1522  2994  3919  1781  3551     1  1652      493678  Fri Sep 18 23:10:40 2009
M3G20090608T083142_V00_LOC.IMG  1524  2466  3584   100  3585  5038  8434     1009535  Fri Sep 18 23:14:08 2009
M3G20090608T125102_V00_LOC.IMG  1527  2441  3248  1861  3606     1  1653      494073  Fri Sep 18 23:17:29 2009
M3G20090609T060742_V00_LOC.IMG  1529  1312  2079   121  3612  5063  8447     1008090  Fri Sep 18 23:20:38 2009
M3G20090609T101951_V00_LOC.IMG  1532   974  1728  1841  3597     1  1659      496175  Fri Sep 18 23:24:03 2009
M3G20090609T183254_V00_LOC.IMG  1534   302  1431     7  3528  4968  8348     1006872  Fri Sep 18 23:26:44 2009
M3G20090609T230815_V00_LOC.IMG  1539     2   896  1685  3476   228  1893      441056  Fri Sep 18 23:31:51 2009
M3G20090610T032955_V00_LOC.IMG  1541     2  1003     1  3410  4983  8343      363089  Fri Sep 18 23:35:23 2009
