M3G20090620T051312_V00_LOC.IMG  1642   842  1657    16  3490 18479 21801      993652  Sat Sep 19 02:06:51 2009
M3G20090620T094042_V00_LOC.IMG  1644   428  1318    37  3517 20632 23955      993660  Sat Sep 19 02:10:39 2009
M3G20090620T134543_V00_LOC.IMG  1648    13   978    67  3551 18266 21567      986938  Sat Sep 19 02:14:11 2009
M3G20090620T181042_V00_LOC.IMG  1650     2   637   105  3551 23566 26880      352067  Sat Sep 19 02:18:07 2009
M3G20090717T000932_V00_LOC.IMG  1803  2094  2677     2  3461 14505 17809      988957  Sat Sep 19 11:35:01 2009
M3G20090717T041548_V00_LOC.IMG  1807  1705  2341     2  3458 18127 21432      989135  Sat Sep 19 11:38:13 2009
M3G20090717T084032_V00_LOC.IMG  1809  1291  2004     4  3470 21934 25239      989225  Sat Sep 19 11:42:45 2009
M3G20090717T124352_V00_LOC.IMG  1813   876  1666    15  3489 10810 14032      964141  Sat Sep 19 11:45:06 2009
M3G20090717T171142_V00_LOC.IMG  1816   461  1327    36  3516  9615 12899      982714  Sat Sep 19 11:48:21 2009
M3G20090717T211502_V00_LOC.IMG  1821    45   986    65  3549 18029 21336      989249  Sat Sep 19 11:52:24 2009
M3G20090718T014252_V00_LOC.IMG  1823     1   638   104  3551 24923 28223      373123  Sat Sep 19 11:56:58 2009
M3G20090812T111903_V00_LOC.IMG  1929  3697  4324    99  3551 17679 20901      407863  Sat Sep 19 14:00:01 2009
M3G20090812T154723_V00_LOC.IMG  1931  3363  4228    62  3550 24667 27951      983808  Sat Sep 19 14:05:01 2009
M3G20090812T195416_V00_LOC.IMG  1934  3029  3818    33  3517 17877 21163      983967  Sat Sep 19 14:07:30 2009
M3G20090813T001943_V00_LOC.IMG  1936  2698  3411    14  3490 24658 27945      984164  Sat Sep 19 14:12:14 2009
M3G20090813T042332_V00_LOC.IMG  1938  2363  2999     4  3471 17792 21057      977787  Sat Sep 19 14:14:45 2009
M3G20090813T125543_V00_LOC.IMG  1940  1626  2262     2  3459  6337  9626      984708  Sat Sep 19 14:17:08 2009
M3G20090813T172403_V00_LOC.IMG  1943  1211  1924     6  3473 24113 27403      984827  Sat Sep 19 14:23:17 2009
M3G20090813T213525_V00_LOC.IMG  1946   795  1585    20  3493 17658 20949      984894  Sat Sep 19 14:26:00 2009
M3G20090814T015612_V00_LOC.IMG  1948   494  1241  1373  3522     1  1743      522178  Sat Sep 19 14:26:52 2009
M3G20090814T020445_V00_LOC.IMG  1949   395   977   257   708     1   338      101400  Sat Sep 19 14:27:05 2009
M3G20090814T020525_V00_LOC.IMG  1950   376   941    42   303  5637  5848       61626  Sat Sep 19 14:27:31 2009
M3G20090814T061444_V00_LOC.IMG  1956     2   899    73  3551 17179 20457      900869  Sat Sep 19 14:33:25 2009
M3G20090814T102823_V00_LOC.IMG  1957     2   557   114  3551 21803 25087      221850  Sat Sep 19 14:35:52 2009
