M3G20090612T013733_V00_LOC.IMG  1563  3064  3724    24  3529 17546 20913      996908  Sat Sep 19 00:06:22 2009
M3G20090612T060502_V00_LOC.IMG  1565  2653  3367     8  3498 18264 21657     1004835  Sat Sep 19 00:10:41 2009
M3G20090612T101600_V00_LOC.IMG  1569  2224  3010     2  3474 16468 19836      997768  Sat Sep 19 00:16:40 2009
M3G20090612T143522_V00_LOC.IMG  1571  1795  2652     1  3460 22955 26373     1013249  Sat Sep 19 00:20:46 2009
M3G20090612T183813_V00_LOC.IMG  1573  1366  2294     2  3461 15627 19043     1012587  Sat Sep 19 00:23:13 2009
M3G20090612T230542_V00_LOC.IMG  1575   938  1936    11  3476 21850 25263     1011978  Sat Sep 19 00:27:47 2009
M3G20090613T030843_V00_LOC.IMG  1577   576  1271  2569  3523     1   867      258671  Sat Sep 19 00:28:45 2009
M3G20090613T032520_V00_LOC.IMG  1578   320  1172    43  2628 18178 20635      734060  Sat Sep 19 00:31:44 2009
M3G20090613T073612_V00_LOC.IMG  1580     2   916    75  3551 25223 28466      826889  Sat Sep 19 00:35:13 2009
M3G20090613T113913_V00_LOC.IMG  1582     2   563   117  3551  2015  5324      187157  Sat Sep 19 00:36:24 2009
