M3G20090606T010302_V00_LOC.IMG  1499  3796  4324   104  3551 18512 21818      277554  Fri Sep 18 22:38:26 2009
M3G20090606T053022_V00_LOC.IMG  1501  3458  4290    66  3551 25291 28605      931950  Fri Sep 18 22:43:52 2009
M3G20090606T093322_V00_LOC.IMG  1503  3119  3876    36  3526  1934  5249      990916  Fri Sep 18 22:45:09 2009
M3G20090607T070124_V00_LOC.IMG  1506  1220  2006     5  3470 14991 18323      995083  Fri Sep 18 22:49:19 2009
M3G20090607T110414_V00_LOC.IMG  1510   800  1663    17  3490 15866 19201      995836  Fri Sep 18 22:52:33 2009
M3G20090607T153144_V00_LOC.IMG  1513   381  1318    39  3518 25414 28750      996411  Fri Sep 18 22:58:07 2009
M3G20090607T193433_V00_LOC.IMG  1515     3   972    70  3551  9172 12507      955954  Fri Sep 18 23:00:28 2009
M3G20090608T000122_V00_LOC.IMG  1519     2   640   109  3551 25143 28470      318966  Fri Sep 18 23:08:07 2009
M3G20090730T161742_V00_LOC.IMG  1900  3744  4324   103  3551  6764  9968      332841  Sat Sep 19 13:25:32 2009
M3G20090730T203537_V00_LOC.IMG  1903  3405  4201   673  3552     1  2621      783782  Sat Sep 19 13:28:20 2009
M3G20090730T204211_V00_LOC.IMG  1904  3670  4256    65   720  2017  2589      170660  Sat Sep 19 13:29:43 2009
M3G20090731T005012_V00_LOC.IMG  1909  3067  3843    36  3519 17184 20381      957197  Sat Sep 19 13:33:58 2009
M3G20090731T045352_V00_LOC.IMG  1912  2726  3426    16  3491 17808 21017      961038  Sat Sep 19 13:37:15 2009
M3G20090731T092152_V00_LOC.IMG  1914  2384  3010     4  3471 24435 27646      961518  Sat Sep 19 13:40:46 2009
