M3G20090607T193433_V00_LOC.IMG  1515  3574  4391   261  3615 12492 15809       14580  Fri Sep 18 23:00:44 2009
M3G20090608T000122_V00_LOC.IMG  1519  3667  4391   188  2181 28453 30351      292706  Fri Sep 18 23:08:19 2009
M3G20090608T040423_V00_LOC.IMG  1521  3160  4305   125  3616   175  3516      920872  Fri Sep 18 23:09:09 2009
M3G20090608T083142_V00_LOC.IMG  1524  3131  3968    76  2110 28464 30350      562463  Fri Sep 18 23:15:46 2009
M3G20090608T123433_V00_LOC.IMG  1526  2726  3630    40  3555   574  3921      997497  Fri Sep 18 23:16:22 2009
M3G20090609T095022_V00_LOC.IMG  1531  1250  2146     8  3485  8241 11587      999281  Fri Sep 18 23:23:05 2009
M3G20090609T183254_V00_LOC.IMG  1534   576  1496    57  2139 28409 30351      580309  Fri Sep 18 23:29:20 2009
M3G20090609T223544_V00_LOC.IMG  1536   590  1510  1796  3589     1  1688      504142  Fri Sep 18 23:29:47 2009
M3G20090609T224831_V00_LOC.IMG  1537   241  1177   100  1910  5779  7445      497319  Fri Sep 18 23:31:04 2009
M3G20090609T234332_V00_LOC.IMG  1540     2   965   155  2212 13808 15735      488343  Fri Sep 18 23:34:02 2009
M3G20090610T070604_V00_LOC.IMG  1543     3  1086   223  3616 21664 25012      381550  Fri Sep 18 23:38:10 2009
