M3G20090530T160828_V00_LOC.IMG  1429  2840  2992     2   219  2825  3057        3789  Fri Sep 18 20:57:33 2009
M3G20090531T134207_V00_LOC.IMG  1435  2886  2996     3   230  2450  2682        1505  Fri Sep 18 21:05:03 2009
M3G20090531T215442_V00_LOC.IMG  1439  2720  4111     2  3269  2747  6143      224168  Fri Sep 18 21:12:13 2009
M3G20090601T021112_V00_LOC.IMG  1441  2636  4111     3  3337  3624  7028      467634  Fri Sep 18 21:17:19 2009
M3G20090601T064032_V00_LOC.IMG  1445  3561  4110  3061  3397     1   198       47946  Fri Sep 18 21:21:53 2009
M3G20090601T104211_V00_LOC.IMG  1447  2465  4011     1  3450  3913  7317      919294  Fri Sep 18 21:24:37 2009
M3G20090601T145212_V00_LOC.IMG  1448  3086  3806  2888  3496     1   487      144158  Fri Sep 18 21:27:03 2009
M3G20090601T193005_V00_LOC.IMG  1449  2289  3597     2  3534  4086  7504     1014927  Fri Sep 18 21:30:33 2009
M3G20090601T235923_V00_LOC.IMG  1450  2626  3375  2660  3565     1   824      245320  Fri Sep 18 21:32:21 2009
M3G20090602T082937_V00_LOC.IMG  1453  2253  2946  2744  3601     1   814      242281  Fri Sep 18 21:36:22 2009
M3G20090602T124100_V00_LOC.IMG  1456  1912  2728   100  3607  4903  8320     1014605  Fri Sep 18 21:39:29 2009
M3G20090602T164851_V00_LOC.IMG  1459  1818  2508   119  3607  4553  7968     1014389  Fri Sep 18 21:42:38 2009
M3G20090602T203342_V00_LOC.IMG  1461  1664  2315  2364  3607     1  1230      367102  Fri Sep 18 21:44:07 2009
M3G20090603T010112_V00_LOC.IMG  1463  1431  2274   115  3607  1539  4950     1014072  Fri Sep 18 21:47:29 2009
M3G20090603T050442_V00_LOC.IMG  1465  1209  1969  2097  3603     1  1457      435381  Fri Sep 18 21:49:42 2009
M3G20090603T134223_V00_LOC.IMG  1466   766  1983    45  3568   843  4255     1015138  Fri Sep 18 21:53:41 2009
M3G20090604T064302_V00_LOC.IMG  1474     3  1627     2  3404  1696  5114      779260  Fri Sep 18 22:04:16 2009
M3G20090604T151322_V00_LOC.IMG  1478     3  1436     2  3270   930  4335      259155  Fri Sep 18 22:11:37 2009
M3G20090728T130752_V00_LOC.IMG  1852   435  1528  1484  3522     1  1954      584345  Sat Sep 19 12:42:03 2009
M3G20090728T135355_V00_LOC.IMG  1853   886  1909    11  1639  1498  2995      438507  Sat Sep 19 12:45:37 2009
M3G20090728T214215_V00_LOC.IMG  1859     5  1646   163  3430     1  3213      856351  Sat Sep 19 12:49:59 2009
M3G20090728T222751_V00_LOC.IMG  1860  1144  1715     2   334  1364  1569       39381  Sat Sep 19 12:53:14 2009
M3G20090729T063709_V00_LOC.IMG  1868     2  1464   124  3306     1  3276      394720  Sat Sep 19 12:58:50 2009
M3G20090729T065940_V00_LOC.IMG  1869  1158  1535     2   262  1308  1478       20872  Sat Sep 19 13:00:00 2009
M3G20090729T151532_V00_LOC.IMG  1876   776  1342     1  1150  1129  2248       35481  Sat Sep 19 13:07:17 2009
