M3G20090609T095022_V00_LOC.IMG  1531  3925  4254  1793  3447     1  1583      249366  Fri Sep 18 23:21:52 2009
M3G20090609T101951_V00_LOC.IMG  1532  3900  4254     1  1804 11695 13460      301061  Fri Sep 18 23:25:17 2009
M3G20090609T183254_V00_LOC.IMG  1534  2919  3582     1  3447 18385 21741     1003167  Fri Sep 18 23:27:58 2009
M3G20090609T230109_V00_LOC.IMG  1538  2429  3092    61  3447     1  3287      985074  Fri Sep 18 23:31:22 2009
M3G20090609T230815_V00_LOC.IMG  1539  2428  3029     1    72 11931 12001       18375  Fri Sep 18 23:32:33 2009
M3G20090609T234332_V00_LOC.IMG  1540  1935  2601     1  3447  3766  7126     1004299  Fri Sep 18 23:33:17 2009
M3G20090610T070604_V00_LOC.IMG  1543  1441  2109     1  3447 11608 14970     1004801  Fri Sep 18 23:37:14 2009
M3G20090610T113334_V00_LOC.IMG  1545   946  1615     1  3447 18395 21758     1005200  Fri Sep 18 23:42:05 2009
M3G20090610T154042_V00_LOC.IMG  1548   450  1119     1  3447  2434  5798     1005479  Fri Sep 18 23:44:10 2009
M3G20090610T200344_V00_LOC.IMG  1552     1   621     1  3447 18417 21778      960714  Fri Sep 18 23:49:36 2009
M3G20090611T001830_V00_LOC.IMG  1555     1   122     1  3447 11410 14754      140398  Fri Sep 18 23:54:48 2009
