M3G20090610T200344_V00_LOC.IMG  1552  4140  4245    99  1253 21766 22875        2656  Fri Sep 18 23:49:43 2009
M3G20090611T001830_V00_LOC.IMG  1555  3512  4246    59  3535 14744 17961      723739  Fri Sep 18 23:55:17 2009
M3G20090611T043527_V00_LOC.IMG  1558  3087  3870    29  3514 21775 25137     1005344  Fri Sep 18 23:59:49 2009
M3G20090611T083653_V00_LOC.IMG  1560  2661  3339   964  3484     1  2447      733172  Sat Sep 19 00:00:42 2009
M3G20090611T090220_V00_LOC.IMG  1561  2723  3370     9   983 15006 15920      271652  Sat Sep 19 00:03:50 2009
M3G20090612T013733_V00_LOC.IMG  1563   906  1866     8  3471 14184 17583     1008962  Sat Sep 19 00:05:54 2009
M3G20090612T060502_V00_LOC.IMG  1565   406  1436    26  3495 14894 18301     1011660  Sat Sep 19 00:10:25 2009
M3G20090612T101600_V00_LOC.IMG  1569     3  1006    56  3529 13234 16504      930917  Sat Sep 19 00:16:14 2009
M3G20090612T143522_V00_LOC.IMG  1571     3   576    96  3535 19619 22989      238527  Sat Sep 19 00:20:31 2009
M3G20090722T022534_V00_LOC.IMG  1850  3117  3990    35  3515 22639 25988     1001065  Sat Sep 19 12:40:46 2009
