M3G20090531T134207_V00_LOC.IMG  1435  3235  3870     1  3447 15948 19312     1006344  Fri Sep 18 21:07:19 2009
M3G20090531T172712_V00_LOC.IMG  1437  2741  3375     1  3447  9167 12530     1005974  Fri Sep 18 21:08:53 2009
M3G20090531T215442_V00_LOC.IMG  1439  2247  2880     1  3447 16243 19605     1005523  Fri Sep 18 21:14:32 2009
M3G20090601T021112_V00_LOC.IMG  1441  1752  2384     1  3447 17122 20483     1005212  Fri Sep 18 21:18:37 2009
M3G20090601T064032_V00_LOC.IMG  1445  1257  1888     1  3447 10290 13650     1004737  Fri Sep 18 21:22:54 2009
M3G20090601T104211_V00_LOC.IMG  1447   762  1392     1  3447 17407 20765     1004268  Fri Sep 18 21:25:44 2009
M3G20090601T145212_V00_LOC.IMG  1448   267   895     1  3447 10573 13930     1003802  Fri Sep 18 21:27:59 2009
M3G20090601T193005_V00_LOC.IMG  1449     1   398     1  2993 17587 20485      547496  Fri Sep 18 21:31:55 2009
M3G20090627T154523_V00_LOC.IMG  1707  3861  4254     1  3447  2970  6315      642266  Sat Sep 19 03:24:11 2009
M3G20090627T201242_V00_LOC.IMG  1710  3367  3988     1  3447 12303 15627      994347  Sat Sep 19 03:30:04 2009
