M3G20090618T104223_V00_LOC.IMG  1639  3991  4246  2024  3447     1  1347       82456  Sat Sep 19 01:59:31 2009
M3G20090618T112223_V00_LOC.IMG  1640  3782  4115     1  2040  4991  6965      137407  Sat Sep 19 02:03:44 2009
M3G20090717T000932_V00_LOC.IMG  1803   737  1458    45  3521  1301  4620      992232  Sat Sep 19 11:33:34 2009
M3G20090717T041548_V00_LOC.IMG  1807   241  1034    13  3499  4908  8236      994821  Sat Sep 19 11:37:21 2009
M3G20090717T084032_V00_LOC.IMG  1809     2   610     2  3465  8763 12075      526639  Sat Sep 19 11:40:47 2009
M3G20090812T071513_V00_LOC.IMG  1927  3354  4212     1  3485 11466 14713      970716  Sat Sep 19 13:55:33 2009
M3G20090812T111903_V00_LOC.IMG  1929  2931  3719    36  3513  4633  7932      987004  Sat Sep 19 13:58:56 2009
M3G20090812T154723_V00_LOC.IMG  1931  2507  3225    61  3529 11490 14813      993853  Sat Sep 19 14:04:03 2009
M3G20090812T195416_V00_LOC.IMG  1934  2083  2729    77  3535  4699  8022      993996  Sat Sep 19 14:06:38 2009
M3G20090813T001943_V00_LOC.IMG  1936  1644  2239    79  3535 11477 14802      994050  Sat Sep 19 14:11:00 2009
M3G20090813T042332_V00_LOC.IMG  1938  1147  1814    65  3532  4653  7978      994157  Sat Sep 19 14:13:51 2009
M3G20090813T132807_V00_LOC.IMG  1941   153   963     7  3493  4602  7929      994521  Sat Sep 19 14:18:36 2009
M3G20090813T172403_V00_LOC.IMG  1943     2   539     1  3458 10926 14249      387915  Sat Sep 19 14:21:12 2009
