M3G20090604T191631_V00_LOC.IMG  1481  4025  4254     1  3447  2252  5587      357463  Fri Sep 18 22:15:48 2009
M3G20090604T234352_V00_LOC.IMG  1484  3507  4141     1  3447 15170 18509      998176  Fri Sep 18 22:21:39 2009
M3G20090605T040250_V00_LOC.IMG  1487  3002  3639     1  3447  8498 11837      998362  Fri Sep 18 22:25:30 2009
M3G20090605T081431_V00_LOC.IMG  1489  2497  3138     1  3447  9537 12878      998620  Fri Sep 18 22:27:35 2009
M3G20090605T170055_V00_LOC.IMG  1494  1486  2136     1  3447  8461 11805      999178  Fri Sep 18 22:32:52 2009
M3G20090605T210002_V00_LOC.IMG  1496  1017  1636  1491  3447     1  1906      570861  Fri Sep 18 22:33:26 2009
M3G20090605T212253_V00_LOC.IMG  1497   982  1612     1  1504 15264 16701      428250  Fri Sep 18 22:36:16 2009
M3G20090606T010302_V00_LOC.IMG  1499   479  1136     1  3447  8551 11896      999465  Fri Sep 18 22:37:41 2009
M3G20090606T053022_V00_LOC.IMG  1501     1   638     1  3447 15334 18679      994222  Fri Sep 18 22:42:44 2009
M3G20090729T104424_V00_LOC.IMG  1872  4151  4254     1  3447  7903 11211      161409  Sat Sep 19 13:03:37 2009
M3G20090729T145353_V00_LOC.IMG  1875  3644  4242     1  3447  3875  7124      971759  Sat Sep 19 13:05:35 2009
M3G20090729T185951_V00_LOC.IMG  1879  3137  3735     1  3447  4248  7485      968290  Sat Sep 19 13:10:29 2009
M3G20090729T233354_V00_LOC.IMG  1883  2630  3229     1  3447 13587 16773      953321  Sat Sep 19 13:14:30 2009
M3G20090730T034057_V00_LOC.IMG  1887  2125  2724     1  3447  2818  6067      972170  Sat Sep 19 13:17:14 2009
M3G20090730T075553_V00_LOC.IMG  1891  1618  2218     1  3447  2278  5526      971980  Sat Sep 19 13:19:25 2009
M3G20090730T122229_V00_LOC.IMG  1898  1112  1713     1  3447  7573 10780      959274  Sat Sep 19 13:24:23 2009
M3G20090730T161742_V00_LOC.IMG  1900   639  1201  2918  3447     1   504      150292  Sat Sep 19 13:24:39 2009
M3G20090730T163918_V00_LOC.IMG  1901   607  1208     1  2926  9971 12646      800765  Sat Sep 19 13:27:32 2009
M3G20090730T205153_V00_LOC.IMG  1907   103   705     1  3447  7521 10690      947976  Sat Sep 19 13:30:46 2009
M3G20090731T005012_V00_LOC.IMG  1909     1   204     1  3447  7670 10839      328020  Sat Sep 19 13:32:39 2009
