M3G20090609T234332_V00_LOC.IMG  1540  3830  4390   241  2212 13803 15735       88811  Fri Sep 18 23:33:54 2009
M3G20090610T070604_V00_LOC.IMG  1543  3276  4392   170  3616 21652 25006      621853  Fri Sep 18 23:37:57 2009
M3G20090610T113334_V00_LOC.IMG  1545  3302  4233   111  2168 28444 30352      570022  Fri Sep 18 23:43:06 2009
M3G20090610T154042_V00_LOC.IMG  1548  2842  3895    65  3582 12486 15850     1004447  Fri Sep 18 23:44:55 2009
M3G20090610T200344_V00_LOC.IMG  1552  2751  3552    31  2134 28468 30447      591414  Fri Sep 18 23:50:45 2009
M3G20090611T000633_V00_LOC.IMG  1554  2400  3068  2296  3505     1  1156      344768  Fri Sep 18 23:51:11 2009
M3G20090611T001830_V00_LOC.IMG  1555  2465  3206    10  2328 21267 23463      656399  Fri Sep 18 23:56:17 2009
M3G20090611T043402_V00_LOC.IMG  1557  2204  2828  1191  2059     1   817      245100  Fri Sep 18 23:56:33 2009
M3G20090611T043527_V00_LOC.IMG  1558  2217  2857     1  1203 28476 29615      339303  Sat Sep 19 00:00:09 2009
M3G20090611T083653_V00_LOC.IMG  1560  1883  2553     1  3461  5786  9147     1004395  Sat Sep 19 00:01:11 2009
M3G20090612T013733_V00_LOC.IMG  1563   883  2157    25  3491 20865 24317     1016556  Sat Sep 19 00:06:42 2009
M3G20090612T060502_V00_LOC.IMG  1565   534  1813    57  3075 21610 24530      868150  Sat Sep 19 00:10:55 2009
M3G20090612T101600_V00_LOC.IMG  1569   186  1697   102  3555 19790 23210     1008875  Sat Sep 19 00:17:09 2009
M3G20090612T143522_V00_LOC.IMG  1571     2  1468   161  3608 26344 29779      915042  Sat Sep 19 00:21:17 2009
M3G20090612T183813_V00_LOC.IMG  1573     1  1240   233  3616 19038 22445      454408  Sat Sep 19 00:23:38 2009
M3G20090612T230542_V00_LOC.IMG  1575   423  1014  2011  3615 27017 28663       80442  Sat Sep 19 00:28:10 2009
M3G20090722T022534_V00_LOC.IMG  1850  2176  2767     1    57 29293 29338       12449  Sat Sep 19 12:41:12 2009
