M3G20090520T065048_V00_LOC.IMG  1402   572  1422    42  3526  1775  5132     1003090  Fri Sep 18 20:06:08 2009
M3G20090520T111838_V00_LOC.IMG  1404   150  1071     9  3499  9133 12488     1002567  Fri Sep 18 20:11:21 2009
M3G20090615T064852_V00_LOC.IMG  1604  3468  4323     2  3481  8950 12228      802379  Sat Sep 19 01:11:04 2009
M3G20090615T110554_V00_LOC.IMG  1607  3123  3982    22  3512  2287  5557      976878  Sat Sep 19 01:16:06 2009
M3G20090615T185632_V00_LOC.IMG  1611  2431  3140    76  3548  2418  5770     1001595  Sat Sep 19 01:17:44 2009
M3G20090615T232402_V00_LOC.IMG  1613  2084  2719    91  3551  9117 12469     1001394  Sat Sep 19 01:21:45 2009
M3G20090616T032653_V00_LOC.IMG  1615  1708  2357    95  3551  2453  5804     1001232  Sat Sep 19 01:24:01 2009
M3G20090616T075432_V00_LOC.IMG  1617  1286  2008    82  3549  4042  7319      979149  Sat Sep 19 01:27:06 2009
M3G20090616T115723_V00_LOC.IMG  1620   864  1488  2848  3538     1   657      196080  Sat Sep 19 01:29:48 2009
M3G20090616T124034_V00_LOC.IMG  1621   900  1659    62  2879  2486  5177      804414  Sat Sep 19 01:32:33 2009
M3G20090617T005342_V00_LOC.IMG  1623     2   610     1  3450  8435 11775      337584  Sat Sep 19 01:34:35 2009
M3G20090712T093119_V00_LOC.IMG  1770  3868  4324     1  3433  1120  4464       73999  Sat Sep 19 10:38:02 2009
M3G20090712T133812_V00_LOC.IMG  1772  3874  4322  3339  3475     1    95       20811  Sat Sep 19 10:40:24 2009
M3G20090712T141041_V00_LOC.IMG  1773  3525  4313     1  3387  2577  5832      690888  Sat Sep 19 10:42:32 2009
M3G20090712T175144_V00_LOC.IMG  1777  3180  4052    16  3508  1001  4356     1002286  Sat Sep 19 10:45:07 2009
M3G20090712T220912_V00_LOC.IMG  1779  2834  3630    48  3531  7723 11078     1002033  Sat Sep 19 10:50:28 2009
M3G20090713T021312_V00_LOC.IMG  1781  2486  3208    72  3546  1161  4515     1001974  Sat Sep 19 10:53:10 2009
M3G20090713T064052_V00_LOC.IMG  1783  2139  2786    89  3551  7873 11226     1001790  Sat Sep 19 10:57:10 2009
M3G20090713T104412_V00_LOC.IMG  1785  1775  2417    96  3551  1127  4480     1001640  Sat Sep 19 10:59:36 2009
M3G20090713T151202_V00_LOC.IMG  1787  1352  2068    85  3550  7743 11092     1000577  Sat Sep 19 11:03:42 2009
M3G20090713T192732_V00_LOC.IMG  1789   929  1718    65  3541  7677 11028     1001289  Sat Sep 19 11:06:25 2009
M3G20090713T233042_V00_LOC.IMG  1791   507  1367    37  3522   831  4180     1000891  Sat Sep 19 11:08:40 2009
M3G20090714T035832_V00_LOC.IMG  1793    89   737  2719  3457     1   475      142500  Sat Sep 19 11:11:30 2009
M3G20090714T080142_V00_LOC.IMG  1795     1   666     2  3456   802  4135      434613  Sat Sep 19 11:17:24 2009
