M3G20090623T012541_V00_LOC.IMG  1671  3955  4254     1  3447 15010 18358      446800  Sat Sep 19 02:41:50 2009
M3G20090623T052831_V00_LOC.IMG  1673  3451  4095     1  3447  5100  8449     1001343  Sat Sep 19 02:44:46 2009
M3G20090623T095551_V00_LOC.IMG  1676  2947  3594     1  3447  6542  9894     1001879  Sat Sep 19 02:47:49 2009
M3G20090623T142528_V00_LOC.IMG  1681  2498  3093  3015  3447     1   425      126415  Sat Sep 19 02:51:35 2009
M3G20090623T143347_V00_LOC.IMG  1682  2445  3079     1  1786  8081  9797      512173  Sat Sep 19 02:52:47 2009
M3G20090623T182551_V00_LOC.IMG  1684  1943  2594     1  3447 14732 18055      993190  Sat Sep 19 02:55:13 2009
M3G20090624T024856_V00_LOC.IMG  1687   966  1598  1060  3447     1  2333      698872  Sat Sep 19 02:57:15 2009
M3G20090624T032004_V00_LOC.IMG  1688   945  1579     1  1072  8215  9240      304928  Sat Sep 19 02:59:41 2009
M3G20090624T071103_V00_LOC.IMG  1690   448  1102     1  3447 12072 15432     1004381  Sat Sep 19 03:01:29 2009
M3G20090720T090521_V00_LOC.IMG  1844  3988  4254     1  3447 15034 18372      390054  Sat Sep 19 12:27:30 2009
M3G20090720T173631_V00_LOC.IMG  1846  2979  3621     1  3447 15027 18370      999138  Sat Sep 19 12:31:49 2009
M3G20090720T214000_V00_LOC.IMG  1848  2475  3119     1  3447  8297 11641      999709  Sat Sep 19 12:34:02 2009
