M3G20090520T111838_V00_LOC.IMG  1404  3535  3920     1  1397  5789  7197       17342  Fri Sep 18 20:10:48 2009
M3G20090617T005342_V00_LOC.IMG  1623  3257  4391     1  3437  5097  8448      598805  Sat Sep 19 01:33:51 2009
M3G20090617T045633_V00_LOC.IMG  1625  3354  4272  1663  3498     1  1691      506125  Sat Sep 19 01:39:15 2009
M3G20090617T092403_V00_LOC.IMG  1627  2944  3931   852  3546     1  2524      755895  Sat Sep 19 01:42:44 2009
M3G20090617T100505_V00_LOC.IMG  1628  2821  3527    41   938  5038  5838      236647  Sat Sep 19 01:45:28 2009
M3G20090617T132653_V00_LOC.IMG  1630  2788  3590  1713  3582     1  1746      522575  Sat Sep 19 01:46:02 2009
M3G20090617T175422_V00_LOC.IMG  1632  2383  3247   115  3604  5112  8457      999050  Sat Sep 19 01:49:57 2009
M3G20090617T223824_V00_LOC.IMG  1635  2229  2904  1724  3615     1  1799      538389  Sat Sep 19 01:54:39 2009
M3G20090618T063933_V00_LOC.IMG  1637  1609  2306   146  3616  5050  8396      999340  Sat Sep 19 01:56:35 2009
M3G20090618T112223_V00_LOC.IMG  1640  1265  1981  1734  3610     1  1701      508951  Sat Sep 19 02:03:14 2009
M3G20090714T080142_V00_LOC.IMG  1795  3875  4392  2524  3427     1   815      131533  Sat Sep 19 11:16:46 2009
M3G20090714T122932_V00_LOC.IMG  1797  3068  4325     1  3490  4067  7341      943774  Sat Sep 19 11:23:33 2009
M3G20090714T163242_V00_LOC.IMG  1799  3273  3985  2743  3540     1   689      205309  Sat Sep 19 11:27:02 2009
M3G20090714T210032_V00_LOC.IMG  1801  2631  3643    75  3577  3954  7310     1002005  Sat Sep 19 11:31:02 2009
M3G20090811T013030_V00_LOC.IMG  1917  2905  3942   630  3546     1  2764      827883  Sat Sep 19 13:42:22 2009
M3G20090811T020351_V00_LOC.IMG  1918  2815  3511    38   720  4223  4812      172938  Sat Sep 19 13:45:06 2009
M3G20090811T053041_V00_LOC.IMG  1919  2889  3599  2655  3582     1   834      248977  Sat Sep 19 13:45:31 2009
M3G20090811T101138_V00_LOC.IMG  1923  2376  3256   113  3605  4178  7543     1004650  Sat Sep 19 13:49:37 2009
M3G20090812T071513_V00_LOC.IMG  1927   916  1892    94  3592  4788  8157     1006019  Sat Sep 19 13:54:43 2009
M3G20090812T111903_V00_LOC.IMG  1929   570  1384  2048  3561     1  1384      413993  Sat Sep 19 13:58:07 2009
M3G20090812T154723_V00_LOC.IMG  1931   226  1444     7  3516  4797  8168     1006547  Sat Sep 19 14:03:23 2009
M3G20090812T195416_V00_LOC.IMG  1934     3   789  1964  3459     1  1377      322141  Sat Sep 19 14:06:11 2009
M3G20090813T001943_V00_LOC.IMG  1936     1   993     2  3388  4789  8154      267779  Sat Sep 19 14:10:21 2009
