M3G20090605T212253_V00_LOC.IMG  1497  3821  4274     2  2987  8628 11476       77620  Fri Sep 18 22:35:39 2009
M3G20090606T010302_V00_LOC.IMG  1499  3464  4322     2  3472  1842  5220      724930  Fri Sep 18 22:37:05 2009
M3G20090606T053022_V00_LOC.IMG  1501  3108  4087    22  3506  8622 12001     1007954  Fri Sep 18 22:41:37 2009
M3G20090607T025544_V00_LOC.IMG  1504  1343  1983    80  3550  1878  5259     1007836  Fri Sep 18 22:46:42 2009
M3G20090607T070124_V00_LOC.IMG  1506   931  1581  1837  3541     1  1663      497466  Fri Sep 18 22:48:13 2009
M3G20090607T073505_V00_LOC.IMG  1507   966  1634    58  1854  7494  9211      509914  Fri Sep 18 22:50:44 2009
M3G20090607T110414_V00_LOC.IMG  1510   511  1242   913  3523     1  2533      758463  Fri Sep 18 22:51:26 2009
M3G20090607T115143_V00_LOC.IMG  1511   618  1288    29   940   242  1086      248219  Fri Sep 18 22:53:48 2009
M3G20090607T153144_V00_LOC.IMG  1513    93   943     2  3496  8704 12076      981181  Fri Sep 18 22:56:11 2009
M3G20090607T201038_V00_LOC.IMG  1516     3   601     2  3459  2040  5403      401508  Fri Sep 18 23:03:18 2009
M3G20090730T163918_V00_LOC.IMG  1901  3633  4324     2  3458  3506  6727      440989  Sat Sep 19 13:26:50 2009
M3G20090730T205153_V00_LOC.IMG  1907  3276  4229     3  3495   994  4299      987234  Sat Sep 19 13:30:14 2009
M3G20090731T005012_V00_LOC.IMG  1909  2920  3802    39  3523  1210  4482      977635  Sat Sep 19 13:31:34 2009
M3G20090731T045352_V00_LOC.IMG  1912  2565  3375    67  3542  1562  4867      987247  Sat Sep 19 13:36:05 2009
M3G20090731T092152_V00_LOC.IMG  1914  2212  2949    86  3550  8182 11488      987518  Sat Sep 19 13:39:41 2009
