M3G20090605T081431_V00_LOC.IMG  1489  3623  4095   522  2125     1  1614       35157  Fri Sep 18 22:26:40 2009
M3G20090605T085558_V00_LOC.IMG  1490  3464  3707     1   551  5182  5722       27058  Fri Sep 18 22:29:17 2009
M3G20090605T170055_V00_LOC.IMG  1494  3367  4383  1582  3484     1  1773      526617  Fri Sep 18 22:31:43 2009
M3G20090605T212253_V00_LOC.IMG  1497  2780  4035    42  3537  5248  8647     1011946  Fri Sep 18 22:35:24 2009
M3G20090606T010302_V00_LOC.IMG  1499  2776  3683  1605  3577     1  1862      556920  Fri Sep 18 22:36:51 2009
M3G20090606T053022_V00_LOC.IMG  1501  2321  3332   118  3602  5242  8642     1012012  Fri Sep 18 22:41:13 2009
M3G20090607T025544_V00_LOC.IMG  1504   941  1709  1598  3594     1  1900      568324  Fri Sep 18 22:46:28 2009
M3G20090607T073505_V00_LOC.IMG  1507   599  1597    40  3565  4119  7517     1010502  Fri Sep 18 22:50:37 2009
M3G20090607T115143_V00_LOC.IMG  1511   260   924  3164  3523     1   265       77581  Fri Sep 18 22:53:44 2009
M3G20090607T153144_V00_LOC.IMG  1513     2  1166     1  3469  5349  8719      742659  Fri Sep 18 22:55:43 2009
M3G20090607T201038_V00_LOC.IMG  1516     1   662  1300  3402     1  2046      187245  Fri Sep 18 23:02:39 2009
M3G20090730T040120_V00_LOC.IMG  1888  3962  4390  2135  3381     1  1186       70891  Sat Sep 19 13:17:50 2009
M3G20090730T081634_V00_LOC.IMG  1892  3172  4391     1  3454  4485  7812      695144  Sat Sep 19 13:20:49 2009
M3G20090730T122229_V00_LOC.IMG  1898  3374  4206  2319  3514     1  1051      313938  Sat Sep 19 13:23:42 2009
M3G20090730T163918_V00_LOC.IMG  1901  2714  3856    52  3559   197  3520      992046  Sat Sep 19 13:26:28 2009
M3G20090730T205153_V00_LOC.IMG  1907  2748  3505  2465  3592     1  1009      301227  Sat Sep 19 13:30:00 2009
M3G20090731T005012_V00_LOC.IMG  1909  2416  3152  2291  3610     1  1224      365700  Sat Sep 19 13:31:19 2009
M3G20090731T012912_V00_LOC.IMG  1910  2255  3054   125  2336  4908  7018      628653  Sat Sep 19 13:35:14 2009
M3G20090731T045352_V00_LOC.IMG  1912  2096  2799  1949  3616     1  1576      471546  Sat Sep 19 13:35:47 2009
M3G20090731T092152_V00_LOC.IMG  1914  1803  2448   153  3616  4864  8197      994145  Sat Sep 19 13:39:27 2009
