M3G20090531T134207_V00_LOC.IMG  1435  3735  4323     2  3449  9215 12594      302243  Fri Sep 18 21:06:12 2009
M3G20090531T172712_V00_LOC.IMG  1437  3393  4323     2  3488  2435  5815      918493  Fri Sep 18 21:08:18 2009
M3G20090531T215442_V00_LOC.IMG  1439  3051  3929    27  3517  9510 12893     1010797  Fri Sep 18 21:13:46 2009
M3G20090601T021112_V00_LOC.IMG  1441  2708  3511    56  3538 10388 13772     1010852  Fri Sep 18 21:18:10 2009
M3G20090601T064032_V00_LOC.IMG  1445  2364  3092    78  3549  3559  6942     1010652  Fri Sep 18 21:22:27 2009
M3G20090601T104211_V00_LOC.IMG  1447  2021  2672    93  3552 10677 14060     1010432  Fri Sep 18 21:25:16 2009
M3G20090601T145212_V00_LOC.IMG  1448  1637  2324    93  3552  3846  7228     1010123  Fri Sep 18 21:27:32 2009
M3G20090601T193005_V00_LOC.IMG  1449  1217  1977    79  3549 10862 14243     1009736  Fri Sep 18 21:31:02 2009
M3G20090601T235923_V00_LOC.IMG  1450   913  1623    57  1490  4181  5476      385427  Fri Sep 18 21:32:44 2009
M3G20090602T074711_V00_LOC.IMG  1452     2   763  1509  3485     1  1906      518300  Fri Sep 18 21:33:27 2009
M3G20090602T082937_V00_LOC.IMG  1453   218   930     2  1568  4169  5637      380524  Fri Sep 18 21:36:47 2009
M3G20090602T124100_V00_LOC.IMG  1456     2   583     2  3446 11675 14754      246341  Fri Sep 18 21:40:22 2009
M3G20090627T201242_V00_LOC.IMG  1710  3826  4324     1  3437  5685  8957      135893  Sat Sep 19 03:29:00 2009
