M3G20090614T003642_V00_LOC.IMG  1590  3460  4247    58  3535 22151 25488      820732  Sat Sep 19 00:50:16 2009
M3G20090614T045922_V00_LOC.IMG  1593  3036  3851    28  3508 15212 18403      955221  Sat Sep 19 00:55:28 2009
M3G20090614T090712_V00_LOC.IMG  1595  2612  3353     9  3480 22087 25413      995483  Sat Sep 19 00:58:27 2009
M3G20090614T131003_V00_LOC.IMG  1597  2188  2855     1  3462  9101 12437      998531  Sat Sep 19 01:00:14 2009
M3G20090614T173733_V00_LOC.IMG  1600  1749  2357     1  3454  2310  5646      998273  Sat Sep 19 01:03:32 2009
M3G20090615T062313_V00_LOC.IMG  1603   260  1076    36  3519  7153 10277      934827  Sat Sep 19 01:08:43 2009
M3G20090615T102602_V00_LOC.IMG  1606     2   654    68  3534  8299 11630      591856  Sat Sep 19 01:13:16 2009
M3G20090712T050712_V00_LOC.IMG  1766  1338  1980     2  3464  9872 13156      982950  Sat Sep 19 10:31:44 2009
M3G20090712T093119_V00_LOC.IMG  1770   840  1556    11  3484 14270 17450      951742  Sat Sep 19 10:39:46 2009
M3G20090712T133812_V00_LOC.IMG  1772   344  1132    32  3513 10046 13360      991917  Sat Sep 19 10:41:16 2009
M3G20090712T175144_V00_LOC.IMG  1777     3   709    64  3535 14303 17616      711940  Sat Sep 19 10:47:21 2009
