M3G20090620T051312_V00_LOC.IMG  1642  3439  4070     1  3447  8538 11866      994870  Sat Sep 19 02:05:41 2009
M3G20090620T094042_V00_LOC.IMG  1644  2940  3575     1  3447 10951 14124      948299  Sat Sep 19 02:09:54 2009
M3G20090620T134543_V00_LOC.IMG  1648  2441  3080     1  3447  8498 11808      989388  Sat Sep 19 02:13:22 2009
M3G20090620T181042_V00_LOC.IMG  1650  1942  2584     1  3447 13711 17035      993336  Sat Sep 19 02:17:05 2009
M3G20090621T025007_V00_LOC.IMG  1654   944  1591     1  3447  8190 11529      997726  Sat Sep 19 02:21:04 2009
M3G20090621T065503_V00_LOC.IMG  1656   446  1095     1  3447 13061 16401      998195  Sat Sep 19 02:23:39 2009
M3G20090717T084032_V00_LOC.IMG  1809  3996  4254     1  3447 12064 15368      394482  Sat Sep 19 11:41:04 2009
M3G20090717T124352_V00_LOC.IMG  1813  3497  4115     1  3447  1081  4316      967128  Sat Sep 19 11:44:17 2009
M3G20090717T171142_V00_LOC.IMG  1816  3002  3619   248  3447     1  3025      906552  Sat Sep 19 11:47:41 2009
M3G20090717T211502_V00_LOC.IMG  1821  2497  3123     1  3447  8115 11438      993465  Sat Sep 19 11:51:44 2009
M3G20090718T014252_V00_LOC.IMG  1823  1997  2626     1  3447 14998 18323      994091  Sat Sep 19 11:55:51 2009
M3G20090718T054612_V00_LOC.IMG  1825  1497  2129     1  3447  8279 11607      994686  Sat Sep 19 11:58:33 2009
M3G20090718T101402_V00_LOC.IMG  1827   998  1632     1  3447 14829 18147      991917  Sat Sep 19 12:03:08 2009
M3G20090813T172403_V00_LOC.IMG  1943  3906  4254     1  3447 14238 17549      555813  Sat Sep 19 14:21:31 2009
M3G20090813T213525_V00_LOC.IMG  1946  3406  4018     1  3447  7818 11131      990550  Sat Sep 19 14:25:21 2009
M3G20090814T021520_V00_LOC.IMG  1951  2906  3520     1  3447 14514 17756      969186  Sat Sep 19 14:29:24 2009
M3G20090814T061444_V00_LOC.IMG  1956  2405  3023     1  3447  7471 10765      985071  Sat Sep 19 14:32:16 2009
M3G20090814T102823_V00_LOC.IMG  1957  1903  2525     1  3447 11908 15227      992290  Sat Sep 19 14:35:05 2009
M3G20090815T074952_V00_LOC.IMG  1960     1    32     1  3447 12638 15954       31108  Sat Sep 19 14:39:50 2009
