M3G20090617T005342_V00_LOC.IMG  1623  3529  4246     1  3473 11768 15100      705948  Sat Sep 19 01:34:56 2009
M3G20090617T045633_V00_LOC.IMG  1625  3109  3919    22  3504  5007  8338      996067  Sat Sep 19 01:39:59 2009
M3G20090617T092403_V00_LOC.IMG  1627  2689  3425    52  3524  5775  9091      992040  Sat Sep 19 01:43:14 2009
M3G20090617T132653_V00_LOC.IMG  1630  2270  2932    72  3534  5047  8373      994847  Sat Sep 19 01:46:30 2009
M3G20090617T175422_V00_LOC.IMG  1632  1847  2439    83  3535 11768 15093      994519  Sat Sep 19 01:50:24 2009
M3G20090617T215703_V00_LOC.IMG  1634  1355  1982  1358  3535     1  2073      620831  Sat Sep 19 01:52:05 2009
M3G20090617T223824_V00_LOC.IMG  1635  1406  2007    73  1371  5109  6360      373275  Sat Sep 19 01:54:56 2009
M3G20090618T063933_V00_LOC.IMG  1637   375  1168    25  3506 11707 15032      994476  Sat Sep 19 01:57:08 2009
M3G20090618T104223_V00_LOC.IMG  1639     2   586  2024  3476     1  1351      321745  Sat Sep 19 01:59:36 2009
M3G20090618T112223_V00_LOC.IMG  1640   135   751     1  2065  4992  6965      452818  Sat Sep 19 02:03:54 2009
M3G20090714T080142_V00_LOC.IMG  1795  3591  4247     1  3467  4127  7442      589630  Sat Sep 19 11:17:45 2009
M3G20090714T122932_V00_LOC.IMG  1797  3170  3986    17  3500 10647 13878      966169  Sat Sep 19 11:24:34 2009
M3G20090714T163242_V00_LOC.IMG  1799  2750  3492    48  3522  4004  7327      993970  Sat Sep 19 11:27:30 2009
M3G20090714T210032_V00_LOC.IMG  1801  2330  2997    70  3534 10624 13945      993439  Sat Sep 19 11:31:29 2009
M3G20090811T013030_V00_LOC.IMG  1917  2687  3417    52  3524  6083  9405      993503  Sat Sep 19 13:43:07 2009
M3G20090811T053041_V00_LOC.IMG  1919  2267  2922    72  3534  4152  7472      993018  Sat Sep 19 13:45:58 2009
M3G20090811T101138_V00_LOC.IMG  1923  1842  2428    83  3535 10859 14179      992680  Sat Sep 19 13:50:03 2009
M3G20090812T071513_V00_LOC.IMG  1927   287   328     1   371 11466 11817         694  Sat Sep 19 13:55:37 2009
