M3G20090520T064753_V00_LOC.IMG  1401  3759  4182  1419  2083     1   263       78900  Fri Sep 18 20:05:14 2009
M3G20090520T065048_V00_LOC.IMG  1402    24  2455  1881  3075 28505 30774      679551  Fri Sep 18 20:09:10 2009
M3G20090520T110308_V00_LOC.IMG  1403  3943  4324  1287  1940     1   213       63658  Fri Sep 18 20:09:36 2009
M3G20090528T083319_V00_LOC.IMG  1406  1308  3393  1339  4227 27988 30913      872874  Fri Sep 18 20:17:43 2009
M3G20090529T013507_V00_LOC.IMG  1412   893  3358  1636  4247  5855  8813      866781  Fri Sep 18 20:26:38 2009
M3G20090529T054847_V00_LOC.IMG  1414   188   724   861  1416     1   212       61998  Fri Sep 18 20:28:38 2009
M3G20090529T100749_V00_LOC.IMG  1417  1708  3519  2496  4181 28445 30320      542431  Fri Sep 18 20:35:18 2009
M3G20090529T141938_V00_LOC.IMG  1418   130   647   973  1551     1   212       62092  Fri Sep 18 20:35:36 2009
M3G20090529T183508_V00_LOC.IMG  1420   106   644  1057  1646     1   212       63553  Fri Sep 18 20:40:58 2009
M3G20090529T183825_V00_LOC.IMG  1421  1647  3671  2365  4097 28806 30857      596209  Fri Sep 18 20:44:52 2009
M3G20090529T225048_V00_LOC.IMG  1422   187   720  1200  1797     1   212       63600  Fri Sep 18 20:45:09 2009
M3G20090530T030609_V00_LOC.IMG  1424   173   694  1184  1791     1   213       63900  Fri Sep 18 20:50:08 2009
M3G20090530T030925_V00_LOC.IMG  1425  1827  3856  2357  3955 28880 30853      576282  Fri Sep 18 20:53:08 2009
M3G20090530T072138_V00_LOC.IMG  1426   186   692  1259  1872     1   212       63600  Fri Sep 18 20:53:25 2009
M3G20090530T155248_V00_LOC.IMG  1428   311   785  1455  2078     1   212       63600  Fri Sep 18 20:56:53 2009
M3G20090530T200818_V00_LOC.IMG  1430   333   790  1523  2150     1   212       63600  Fri Sep 18 20:59:49 2009
M3G20090530T201123_V00_LOC.IMG  1431  2040  4075  2359  3701 28987 30874      552214  Fri Sep 18 21:02:37 2009
M3G20090531T130802_V00_LOC.IMG  1432   486   883  1350  1978     1   228       68400  Fri Sep 18 21:02:54 2009
M3G20090531T172331_V00_LOC.IMG  1436   611   993  1444  2069     1   233       69900  Fri Sep 18 21:07:37 2009
M3G20090531T172712_V00_LOC.IMG  1437  2804  4334  2018  2947 29167 30547      412865  Fri Sep 18 21:10:49 2009
M3G20090531T213901_V00_LOC.IMG  1438   746  1107  1529  2148     1   233       69900  Fri Sep 18 21:11:08 2009
M3G20090601T015551_V00_LOC.IMG  1440  1691  2030  1748  2358     1   233       69900  Fri Sep 18 21:16:15 2009
M3G20090601T061122_V00_LOC.IMG  1442  1839  2155  1779  2382     1   232       69600  Fri Sep 18 21:19:44 2009
M3G20090601T061442_V00_LOC.IMG  1443  3884  4344  2051  2680  7388  7773      114351  Fri Sep 18 21:20:57 2009
M3G20090601T102652_V00_LOC.IMG  1446  1986  2274  1799  2394     1   227       68100  Fri Sep 18 21:23:12 2009
M3G20090602T074352_V00_LOC.IMG  1451  2401  2707  1770  2370     1   233       69900  Fri Sep 18 21:32:55 2009
M3G20090602T115921_V00_LOC.IMG  1454  2518  2846  1733  2339     1   233       69900  Fri Sep 18 21:36:55 2009
M3G20090602T161451_V00_LOC.IMG  1457  2638  2986  1685  2298     1   232       69600  Fri Sep 18 21:40:40 2009
M3G20090602T203022_V00_LOC.IMG  1460  2756  3126  1629  2246     1   232       69600  Fri Sep 18 21:43:44 2009
M3G20090603T004552_V00_LOC.IMG  1462  2908  3299  1567  2188     1   233       69900  Fri Sep 18 21:46:46 2009
M3G20090603T050121_V00_LOC.IMG  1464  3021  3431  1491  2114     1   233       69900  Fri Sep 18 21:49:19 2009
M3G20090603T174201_V00_LOC.IMG  1468    98   540  2723  3339     1   233       67459  Fri Sep 18 21:56:31 2009
M3G20090603T174502_V00_LOC.IMG  1469  1763  4240   995  2557 28290 30642      705017  Fri Sep 18 21:59:18 2009
M3G20090603T215712_V00_LOC.IMG  1470   129   538  2831  3417    53   233       51674  Fri Sep 18 21:59:38 2009
M3G20090604T062742_V00_LOC.IMG  1473   189   613  2982  3545    73   233       45781  Fri Sep 18 22:02:59 2009
M3G20090604T104302_V00_LOC.IMG  1475   230   722  3027  3617    14   233       63420  Fri Sep 18 22:07:04 2009
M3G20090604T104552_V00_LOC.IMG  1476  1646  4099   705  2638 28281 30743      738023  Fri Sep 18 22:10:08 2009
M3G20090604T145812_V00_LOC.IMG  1477   274   751  3127  3687    50   233       52576  Fri Sep 18 22:10:27 2009
M3G20090604T191332_V00_LOC.IMG  1480   322   863  3165  3755     1   233       69000  Fri Sep 18 22:14:56 2009
M3G20090604T191631_V00_LOC.IMG  1481  1749  4016   586  2586 22091 24438      703601  Fri Sep 18 22:18:17 2009
M3G20090604T232842_V00_LOC.IMG  1483   375   894  3268  3820    29   228       57317  Fri Sep 18 22:19:26 2009
M3G20090605T034402_V00_LOC.IMG  1485   518  1095  3343  3928     1   233       69900  Fri Sep 18 22:23:16 2009
M3G20090605T034701_V00_LOC.IMG  1486  1860  3981   541  2636  7016  9321      689278  Fri Sep 18 22:24:26 2009
M3G20090605T075911_V00_LOC.IMG  1488   570  1157  3423  3994     1   233       69868  Fri Sep 18 22:26:17 2009
M3G20090605T162932_V00_LOC.IMG  1491   704  1305  3561  4096     1   233       69380  Fri Sep 18 22:29:27 2009
M3G20090605T163232_V00_LOC.IMG  1492  1881  3841   396  2663    66  2396      695601  Fri Sep 18 22:29:42 2009
M3G20090605T204442_V00_LOC.IMG  1495   779  1386  3623  4140     1   232       68898  Fri Sep 18 22:33:12 2009
M3G20090606T010002_V00_LOC.IMG  1498   916  1528  3598  4122     1   232       69600  Fri Sep 18 22:36:26 2009
M3G20090606T010302_V00_LOC.IMG  1499  1970  3740   313  2581 28406 30642      666496  Fri Sep 18 22:39:35 2009
M3G20090606T051512_V00_LOC.IMG  1500   997  1611  3646  4153     1   228       68400  Fri Sep 18 22:39:49 2009
M3G20090606T093022_V00_LOC.IMG  1502  1079  1700  3682  4178     1   233       69900  Fri Sep 18 22:44:30 2009
M3G20090606T093322_V00_LOC.IMG  1503  2007  3629   238  2551 11833 14051      660321  Fri Sep 18 22:46:04 2009
M3G20090607T064604_V00_LOC.IMG  1505  1494  2124  3825  4237     1   233       69900  Fri Sep 18 22:47:55 2009
M3G20090607T110113_V00_LOC.IMG  1509  1579  2208  3824  4215     1   232       69600  Fri Sep 18 22:51:00 2009
M3G20090607T110414_V00_LOC.IMG  1510  2082  3238    65  2426 25813 27996      648139  Fri Sep 18 22:53:33 2009
M3G20090607T151624_V00_LOC.IMG  1512  1661  2288  3816  4187     1   233       69900  Fri Sep 18 22:53:50 2009
M3G20090607T193134_V00_LOC.IMG  1514  1740  2363  3809  4159     1   232       69600  Fri Sep 18 22:58:30 2009
M3G20090607T193433_V00_LOC.IMG  1515  2095  3080    29  2343 19127 21269      636044  Fri Sep 18 23:02:00 2009
M3G20090607T234644_V00_LOC.IMG  1517  1816  2404  4004  4133     1    40       12000  Fri Sep 18 23:04:12 2009
M3G20090607T234648_V00_LOC.IMG  1518  1822  2433  3810  4091     1   187       56100  Fri Sep 18 23:04:14 2009
M3G20090608T040112_V00_LOC.IMG  1520  1879  2476  4231  4344   139   233       23010  Fri Sep 18 23:08:44 2009
M3G20090608T040423_V00_LOC.IMG  1521  2082  2932     9  2588  6815  9233      718010  Fri Sep 18 23:10:12 2009
M3G20090608T081622_V00_LOC.IMG  1523  1963  2559  4236  4344   135   233       24324  Fri Sep 18 23:12:53 2009
M3G20090608T123132_V00_LOC.IMG  1525  2047  2642  4233  4344   128   233       26422  Fri Sep 18 23:15:56 2009
M3G20090608T123433_V00_LOC.IMG  1526  2101  2760     1  2637  7218  9723      744507  Fri Sep 18 23:17:07 2009
M3G20090609T094722_V00_LOC.IMG  1530  2371  2977  4087  4332    83   232       41288  Fri Sep 18 23:21:33 2009
M3G20090609T095022_V00_LOC.IMG  1531  1645  2680     1  2606 14903 17374      737866  Fri Sep 18 23:23:43 2009
M3G20090609T181734_V00_LOC.IMG  1533  2549  3140  4080  4307   146   233       22425  Fri Sep 18 23:25:32 2009
M3G20090609T223244_V00_LOC.IMG  1535  2628  3220  4025  4289   131   232       26810  Fri Sep 18 23:29:31 2009
M3G20090609T223544_V00_LOC.IMG  1536  1396  2739     9  2663  5011  7539      754739  Fri Sep 18 23:30:27 2009
M3G20090609T230815_V00_LOC.IMG  1539  2705  3297  3969  4268     1   115       30505  Fri Sep 18 23:32:36 2009
M3G20090610T070304_V00_LOC.IMG  1542  2777  3372  3904  4243    99   232       36203  Fri Sep 18 23:35:55 2009
M3G20090610T070604_V00_LOC.IMG  1543  1233  2754    31  2634 28339 30842      747059  Fri Sep 18 23:38:54 2009
M3G20090610T111804_V00_LOC.IMG  1544  2889  3442  3934  4216   182   233       11771  Fri Sep 18 23:39:09 2009
M3G20090610T153314_V00_LOC.IMG  1546  2960  3514  3863  4185   163   233       17418  Fri Sep 18 23:43:19 2009
M3G20090610T153615_V00_LOC.IMG  1547  1074  2798    67  2688    62  2627      765732  Fri Sep 18 23:43:35 2009
M3G20090610T194824_V00_LOC.IMG  1551  3027  3581  3792  4152   145   233       22723  Fri Sep 18 23:46:14 2009
M3G20090611T000332_V00_LOC.IMG  1553  3104  3644  3740  4115   150   233       21340  Fri Sep 18 23:50:59 2009
M3G20090611T000633_V00_LOC.IMG  1554   919  2804   120  2673  4490  7043      762448  Fri Sep 18 23:51:59 2009
M3G20090611T041842_V00_LOC.IMG  1556  3169  3705  3671  4076   136   232       25377  Fri Sep 18 23:56:28 2009
M3G20090611T083352_V00_LOC.IMG  1559  3235  3762  3606  4036   131   233       27234  Sat Sep 19 00:00:23 2009
M3G20090611T083653_V00_LOC.IMG  1560   770  2796   189  2652 12482 15014      756631  Sat Sep 19 00:02:14 2009
M3G20090612T013733_V00_LOC.IMG  1563   870  3409   115  2514 27646 30441      812275  Sat Sep 19 00:07:48 2009
M3G20090612T100753_V00_LOC.IMG  1568   717  4235   190  3200   654  4520     1134897  Sat Sep 19 00:13:22 2009
M3G20090612T183813_V00_LOC.IMG  1573   575  4304   282  3225 25768 29965     1215587  Sat Sep 19 00:24:50 2009
M3G20090613T030542_V00_LOC.IMG  1576  3705  4219  2685  3320     1   232       69600  Sat Sep 19 00:28:35 2009
M3G20090613T030843_V00_LOC.IMG  1577   268  2627   652  2360  7507  9799      681611  Sat Sep 19 00:29:28 2009
M3G20090613T072052_V00_LOC.IMG  1579  3758  4255  2628  3266     1   232       69600  Sat Sep 19 00:31:55 2009
M3G20090613T113612_V00_LOC.IMG  1581  3722  4203  2524  3164     1   233       69900  Sat Sep 19 00:35:45 2009
M3G20090613T113913_V00_LOC.IMG  1582   181  2538   798  2338 11815 14039      661750  Sat Sep 19 00:37:33 2009
M3G20090613T155122_V00_LOC.IMG  1584  3775  4238  2467  3108     1   233       69900  Sat Sep 19 00:39:08 2009
M3G20090613T200642_V00_LOC.IMG  1587  3736  4180  2370  3011     1   233       69900  Sat Sep 19 00:42:24 2009
M3G20090613T200943_V00_LOC.IMG  1588   113  2453   953  2323 28554 30737      650261  Sat Sep 19 00:45:51 2009
M3G20090614T002123_V00_LOC.IMG  1589  3576  3996  2467  3105     1   228       68400  Sat Sep 19 00:46:10 2009
M3G20090614T043632_V00_LOC.IMG  1591  3602  4007  2404  3043     1   233       69900  Sat Sep 19 00:51:31 2009
M3G20090614T043933_V00_LOC.IMG  1592    21  2232  1306  2498  9631 11687      615842  Sat Sep 19 00:52:56 2009
M3G20090614T085153_V00_LOC.IMG  1594  3530  3908  2315  2950     1   226       67800  Sat Sep 19 00:55:40 2009
M3G20090614T130702_V00_LOC.IMG  1596  3550  3913  2255  2889     1   233       69900  Sat Sep 19 00:59:09 2009
M3G20090614T131003_V00_LOC.IMG  1597     4  2102  1478  2491 22388 24317      577447  Sat Sep 19 01:02:04 2009
M3G20090614T172212_V00_LOC.IMG  1599  3568  3910  2196  2826     1   233       69900  Sat Sep 19 01:03:05 2009
M3G20090615T060753_V00_LOC.IMG  1602  3499  3772  2016  2626     1   233       69900  Sat Sep 19 01:07:33 2009
M3G20090615T102303_V00_LOC.IMG  1605  3508  3757  1962  2563     1   228       68400  Sat Sep 19 01:11:30 2009
M3G20090615T102602_V00_LOC.IMG  1606     1  1918  1924  2540 21535 23360      546003  Sat Sep 19 01:15:05 2009
M3G20090615T143812_V00_LOC.IMG  1608  3499  3762  1900  2506     1   233       69900  Sat Sep 19 01:16:28 2009
M3G20090615T185333_V00_LOC.IMG  1610  3382  3661  1845  2458     1   228       68400  Sat Sep 19 01:17:03 2009
M3G20090615T185632_V00_LOC.IMG  1611     1  1825  1976  2695 29032 30743      511971  Sat Sep 19 01:19:48 2009
M3G20090615T230842_V00_LOC.IMG  1612  3360  3667  1787  2407     1   232       69600  Sat Sep 19 01:20:10 2009
M3G20090616T032353_V00_LOC.IMG  1614  3333  3664  1730  2357     1   233       69900  Sat Sep 19 01:23:19 2009
M3G20090616T032653_V00_LOC.IMG  1615     4  1838  2011  2863 29051 30742      505909  Sat Sep 19 01:25:54 2009
M3G20090616T073912_V00_LOC.IMG  1616  3207  3559  1692  2324     1   232       69600  Sat Sep 19 01:26:15 2009
M3G20090616T115423_V00_LOC.IMG  1619  3176  3551  1640  2276     1   233       69900  Sat Sep 19 01:29:30 2009
M3G20090616T115723_V00_LOC.IMG  1620    19  1755  2069  3022 23482 25056      471002  Sat Sep 19 01:31:55 2009
M3G20090617T003823_V00_LOC.IMG  1622  3943  4304  1188  1814    37   226       54076  Sat Sep 19 01:32:42 2009
M3G20090617T045332_V00_LOC.IMG  1624  3881  4284  1104  1737    23   233       60357  Sat Sep 19 01:38:42 2009
M3G20090617T045633_V00_LOC.IMG  1625    86  2634  1800  3316 28229 30643      723314  Sat Sep 19 01:41:55 2009
M3G20090617T090843_V00_LOC.IMG  1626  3814  4261  1022  1665     1   222       64241  Sat Sep 19 01:42:15 2009
M3G20090617T132353_V00_LOC.IMG  1629  3743  4233   945  1597     1   233       69859  Sat Sep 19 01:45:37 2009
M3G20090617T132653_V00_LOC.IMG  1630   136  2602  1791  3453 28263 30636      711058  Sat Sep 19 01:48:29 2009
M3G20090617T173853_V00_LOC.IMG  1631  3760  4202   867  1481    46   233       53467  Sat Sep 19 01:48:50 2009
M3G20090617T215403_V00_LOC.IMG  1633  3686  4168   794  1414    17   228       60592  Sat Sep 19 01:51:43 2009
M3G20090617T215703_V00_LOC.IMG  1634   198  2649  1745  3582 21962 24382      725317  Sat Sep 19 01:54:15 2009
M3G20090618T062413_V00_LOC.IMG  1636  3560  4083   651  1259    12   232       63461  Sat Sep 19 01:55:03 2009
M3G20090618T103922_V00_LOC.IMG  1638  3460  4030   591  1216     1   233       69900  Sat Sep 19 01:59:08 2009
M3G20090618T104223_V00_LOC.IMG  1639   308  2590  1750  3751 20973 23309      700080  Sat Sep 19 02:02:42 2009
M3G20090620T051012_V00_LOC.IMG  1641  2668  3313   128   625     1   232       69600  Sat Sep 19 02:04:01 2009
M3G20090620T051312_V00_LOC.IMG  1642   799  2441  1754  4163 28431 30743      690689  Sat Sep 19 02:07:55 2009
M3G20090620T092522_V00_LOC.IMG  1643  2552  3198   173   652     1   233       69900  Sat Sep 19 02:08:08 2009
M3G20090620T134022_V00_LOC.IMG  1646  2480  3125   136   596     1   233       69900  Sat Sep 19 02:11:44 2009
M3G20090620T134322_V00_LOC.IMG  1647  1271  2385  1835  3391     1  1336      400800  Sat Sep 19 02:11:52 2009
M3G20090620T134543_V00_LOC.IMG  1648   929  1812  3160  4221 27983 28770      232845  Sat Sep 19 02:15:14 2009
M3G20090620T175522_V00_LOC.IMG  1649  2408  3050   104   545     1   233       69900  Sat Sep 19 02:15:25 2009
M3G20090621T022743_V00_LOC.IMG  1653  1148  2483  1448  4291  9401 12066      795722  Sat Sep 19 02:20:03 2009
M3G20090621T192751_V00_LOC.IMG  1660  1482  2392  1504  4340  1666  4303      788181  Sat Sep 19 02:26:47 2009
M3G20090622T035521_V00_LOC.IMG  1662  1854  2444     1   180    66   233       47261  Sat Sep 19 02:30:12 2009
M3G20090622T081031_V00_LOC.IMG  1665  1775  2357     1   243     5   233       65660  Sat Sep 19 02:33:06 2009
M3G20090622T081331_V00_LOC.IMG  1666  1778  2358  1845  4344  3030  5403      709537  Sat Sep 19 02:33:42 2009
M3G20090622T122531_V00_LOC.IMG  1668  1690  2277     1   210    46   233       53353  Sat Sep 19 02:36:21 2009
M3G20090623T011032_V00_LOC.IMG  1670  1437  2011     8   158   159   227       17565  Sat Sep 19 02:39:46 2009
M3G20090623T052531_V00_LOC.IMG  1672  1376  1915    17   152   198   233        7756  Sat Sep 19 02:43:56 2009
M3G20090623T052831_V00_LOC.IMG  1673  1685  2796  1620  4343 24993 27549      764693  Sat Sep 19 02:46:22 2009
M3G20090623T094031_V00_LOC.IMG  1675  1574  1642    67    85   232   232          38  Sat Sep 19 02:46:57 2009
M3G20090623T135541_V00_LOC.IMG  1679  1191  1746    47   265   163   232       17945  Sat Sep 19 02:49:48 2009
M3G20090623T135841_V00_LOC.IMG  1680  1661  2961  1655  4331 12953 15446      745594  Sat Sep 19 02:51:26 2009
M3G20090623T181041_V00_LOC.IMG  1683  1113  1650    68   278   193   233        9388  Sat Sep 19 02:52:52 2009
M3G20090624T024053_V00_LOC.IMG  1685   963  1506   119   431   129   232       28107  Sat Sep 19 02:56:47 2009
M3G20090624T024343_V00_LOC.IMG  1686  1599  2643  1601  3043     1  1261      378300  Sat Sep 19 02:56:54 2009
M3G20090624T065553_V00_LOC.IMG  1689   893  1416   149   456   155   233       20835  Sat Sep 19 02:59:49 2009
M3G20090626T182943_V00_LOC.IMG  1695  1168  4301   852  3154 14451 17714      963161  Sat Sep 19 03:12:14 2009
M3G20090627T071503_V00_LOC.IMG  1703   106  4260   984  3296 26071 30199     1234803  Sat Sep 19 03:19:49 2009
M3G20090627T154523_V00_LOC.IMG  1707    62  4305  1123  3129 22702 26798     1224989  Sat Sep 19 03:27:00 2009
M3G20090712T091032_V00_LOC.IMG  1769     1  3141  1742  2637  9183 12087      869816  Sat Sep 19 10:37:05 2009
M3G20090712T174132_V00_LOC.IMG  1776     1  3270  1921  2568  2905  6018      932523  Sat Sep 19 10:44:27 2009
M3G20090713T021312_V00_LOC.IMG  1781     1  3030  1904  2684 27683 30547      857753  Sat Sep 19 10:55:23 2009
M3G20090713T104412_V00_LOC.IMG  1785     4  3209  1814  2853 27337 30351      902848  Sat Sep 19 11:01:58 2009
M3G20090713T233042_V00_LOC.IMG  1791    31  3449  1629  3088 27313 30547      969006  Sat Sep 19 11:10:53 2009
M3G20090714T080142_V00_LOC.IMG  1795    64  3589  1475  3236 27157 30518     1007281  Sat Sep 19 11:21:48 2009
M3G20090714T163242_V00_LOC.IMG  1799   109  3692  1308  3376 27126 30643     1054304  Sat Sep 19 11:29:33 2009
M3G20090717T040942_V00_LOC.IMG  1805  3174  3485   246   443   218   228        1441  Sat Sep 19 11:36:02 2009
M3G20090717T041242_V00_LOC.IMG  1806  1125  2661  1497  3421     1  1831      549300  Sat Sep 19 11:36:18 2009
M3G20090717T041548_V00_LOC.IMG  1807   696  1619  3103  4103 28043 28816      230441  Sat Sep 19 11:38:58 2009
M3G20090717T082522_V00_LOC.IMG  1808  2912  3457   136   465   167   233       16821  Sat Sep 19 11:39:11 2009
M3G20090717T124052_V00_LOC.IMG  1812  2921  3376   135   372   208   232        4627  Sat Sep 19 11:43:41 2009
M3G20090717T124352_V00_LOC.IMG  1813   814  2606  1500  4168 20545 23129      772977  Sat Sep 19 11:46:11 2009
M3G20090717T211202_V00_LOC.IMG  1820  2648  3209    54   294   188   233       10429  Sat Sep 19 11:50:18 2009
M3G20090717T211502_V00_LOC.IMG  1821   945  2547  1526  4226 27938 30508      768406  Sat Sep 19 11:53:23 2009
M3G20090718T012742_V00_LOC.IMG  1822  2541  3130    37   311   129   233       28093  Sat Sep 19 11:53:36 2009
M3G20090718T054312_V00_LOC.IMG  1824  2465  3044    22   236   166   233       17039  Sat Sep 19 11:57:26 2009
M3G20090718T054612_V00_LOC.IMG  1825  1093  2497  1567  4275 28102 30642      759221  Sat Sep 19 12:00:13 2009
M3G20090718T095842_V00_LOC.IMG  1826  2468  2958    21   162   206   233        5369  Sat Sep 19 12:00:25 2009
M3G20090719T113211_V00_LOC.IMG  1831  1977  2429     1    25   212   232        3565  Sat Sep 19 12:08:42 2009
M3G20090719T113510_V00_LOC.IMG  1832  1662  2351  1612  4343 19709 22283      769285  Sat Sep 19 12:11:16 2009
M3G20090719T200620_V00_LOC.IMG  1837  1738  2415  1598  4344 12111 14707      776101  Sat Sep 19 12:17:43 2009
M3G20090720T001900_V00_LOC.IMG  1839  1659  2183     1    63   202   232        6365  Sat Sep 19 12:19:11 2009
M3G20090720T043440_V00_LOC.IMG  1841  1521  2097     3   125   167   232       16516  Sat Sep 19 12:22:22 2009
M3G20090720T043741_V00_LOC.IMG  1842  1722  2608  1666  4344 28130 30648      753066  Sat Sep 19 12:25:05 2009
M3G20090720T085010_V00_LOC.IMG  1843  1653  1923    16    64   227   233         659  Sat Sep 19 12:25:15 2009
M3G20090720T213701_V00_LOC.IMG  1847  1208  1733    48   227   192   228        8106  Sat Sep 19 12:32:49 2009
M3G20090720T214000_V00_LOC.IMG  1848  1648  2945  1632  4332 28112 30648      758445  Sat Sep 19 12:35:40 2009
M3G20090728T125252_V00_LOC.IMG  1851   123   341  2888  3328   208   231        4401  Sat Sep 19 12:41:30 2009
M3G20090728T171132_V00_LOC.IMG  1855  1393  4151   813  2683 14892 17586      806812  Sat Sep 19 12:47:33 2009
M3G20090729T014312_V00_LOC.IMG  1862  1352  4071   677  2753  9711 12446      819059  Sat Sep 19 12:54:58 2009
M3G20090729T101452_V00_LOC.IMG  1871  1331  3985   560  2836 14615 17411      837610  Sat Sep 19 13:02:17 2009
M3G20090729T184620_V00_LOC.IMG  1878  1233  3890   454  3010  4819  7573      825373  Sat Sep 19 13:09:33 2009
M3G20090730T031812_V00_LOC.IMG  1886  1347  3793   366  3010 10308 13139      848764  Sat Sep 19 13:16:35 2009
M3G20090730T114942_V00_LOC.IMG  1894  1318  3685   285  3173   413  3380      889710  Sat Sep 19 13:22:00 2009
M3G20090730T202434_V00_LOC.IMG  1902  2486  3570   213  1492  4594  5674      323359  Sat Sep 19 13:28:03 2009
M3G20090731T003502_V00_LOC.IMG  1908  1012  1189  4008  4108   225   228         314  Sat Sep 19 13:30:59 2009
M3G20090731T045352_V00_LOC.IMG  1912  1705  3449   151  2815 27423 29939      754035  Sat Sep 19 13:38:16 2009
M3G20090811T135702_V00_LOC.IMG  1925   208  3532  1209  3587 16638 20035     1018422  Sat Sep 19 13:52:56 2009
M3G20090812T111903_V00_LOC.IMG  1929   419  2858  1512  3871 27276 29964      805850  Sat Sep 19 14:01:40 2009
M3G20090812T195113_V00_LOC.IMG  1933  1209  2899  1387  3178     1  1797      539100  Sat Sep 19 14:05:36 2009
M3G20090812T195416_V00_LOC.IMG  1934   512  1642  2793  3961 27745 28749      300442  Sat Sep 19 14:08:35 2009
M3G20090813T042332_V00_LOC.IMG  1938   610  2841  1350  4041 27630 30348      814297  Sat Sep 19 14:16:06 2009
M3G20090813T125543_V00_LOC.IMG  1940   720  2828  1252  4114 16211 19095      863871  Sat Sep 19 14:17:49 2009
M3G20090813T212753_V00_LOC.IMG  1945   948  2794  1166  3953     1  2611      783300  Sat Sep 19 14:24:20 2009
M3G20090814T060013_V00_LOC.IMG  1953   977  2705  1192  4236  1014  3682      798282  Sat Sep 19 14:30:11 2009
M3G20090815T073441_V00_LOC.IMG  1959  2112  2697     1   120   165   232       17092  Sat Sep 19 14:36:45 2009
M3G20090815T115051_V00_LOC.IMG  1962  2027  2613     1   109   147   221       19424  Sat Sep 19 14:42:45 2009
M3G20090815T115352_V00_LOC.IMG  1963  1537  2408  1650  4343 27650 30012      706492  Sat Sep 19 14:46:37 2009
M3G20090815T160702_V00_LOC.IMG  1964  1944  2528     1    97   155   233       20668  Sat Sep 19 14:46:47 2009
M3G20090815T202602_V00_LOC.IMG  1967  1718  2379  1581  4343 13130 15730      778112  Sat Sep 19 14:51:54 2009
M3G20090816T003923_V00_LOC.IMG  1969  1776  2355     1    97   144   233       23935  Sat Sep 19 14:53:11 2009
M3G20090816T045533_V00_LOC.IMG  1971  1691  2270     1   106   146   232       23180  Sat Sep 19 14:56:35 2009
M3G20090816T045833_V00_LOC.IMG  1972  1773  2464  1700  4344 13651 16140      744920  Sat Sep 19 14:58:20 2009
