M3G20090609T230815_V00_LOC.IMG  1539  3884  4391  1685  3362   228  1876       57136  Fri Sep 18 23:31:44 2009
M3G20090610T032955_V00_LOC.IMG  1541  3184  4391     2  3435  4966  8343      643054  Fri Sep 18 23:35:10 2009
M3G20090610T070604_V00_LOC.IMG  1543  3355  4303  1793  3495     1  1568      468839  Fri Sep 18 23:36:19 2009
M3G20090610T113334_V00_LOC.IMG  1545  2756  3967    52  3544  4978  8354     1005605  Fri Sep 18 23:40:34 2009
M3G20090610T161308_V00_LOC.IMG  1549  2848  3629  2314  3580     1  1163      347368  Fri Sep 18 23:45:35 2009
M3G20090610T162800_V00_LOC.IMG  1550  2790  3455  1887  2396     1   416      124800  Fri Sep 18 23:46:11 2009
M3G20090610T200344_V00_LOC.IMG  1552  2326  3289   120  3604  4997  8371     1005269  Fri Sep 18 23:47:40 2009
M3G20090611T001830_V00_LOC.IMG  1555  2224  2948  1948  3615     1  1574      470718  Fri Sep 18 23:52:28 2009
M3G20090611T043527_V00_LOC.IMG  1558  1897  2606   158  3616  5007  8380     1005240  Fri Sep 18 23:58:11 2009
M3G20090611T090220_V00_LOC.IMG  1561  1638  2271  1936  3616     1  1613      482439  Sat Sep 19 00:02:37 2009
M3G20090612T013733_V00_LOC.IMG  1563     2   659  2303  3463     1  1053      242441  Sat Sep 19 00:04:26 2009
M3G20090612T060502_V00_LOC.IMG  1565     2   534  1337  3396     1  1983      112919  Sat Sep 19 00:08:37 2009
M3G20090612T064731_V00_LOC.IMG  1566   489   665   604  1345  4237  4970        8879  Sat Sep 19 00:12:10 2009
M3G20090722T022534_V00_LOC.IMG  1850  2197  2999   128  3615  5678  9109     1026192  Sat Sep 19 12:38:48 2009
