M3G20090528T083319_V00_LOC.IMG  1406     3   465    94  3534 14695 18041      168364  Fri Sep 18 20:16:05 2009
M3G20090623T012541_V00_LOC.IMG  1671  3760  4247    82  3534 21674 24995      315667  Sat Sep 19 02:42:49 2009
M3G20090623T052831_V00_LOC.IMG  1673  3335  4137    45  3532 11765 15090      994570  Sat Sep 19 02:45:13 2009
M3G20090623T095551_V00_LOC.IMG  1676  2910  3637    19  3498 13211 16536      994669  Sat Sep 19 02:48:15 2009
M3G20090623T135841_V00_LOC.IMG  1680  2485  3137     4  3473    56  3309      972926  Sat Sep 19 02:50:15 2009
M3G20090623T182551_V00_LOC.IMG  1684  2036  2638     1  3457 21363 24532      947876  Sat Sep 19 02:55:51 2009
M3G20090624T024856_V00_LOC.IMG  1687  1039  1783     6  3472  5654  8981      995243  Sat Sep 19 02:57:42 2009
M3G20090624T071103_V00_LOC.IMG  1690   542  1360    22  3497 18754 22082      995356  Sat Sep 19 03:01:55 2009
M3G20090720T090521_V00_LOC.IMG  1844  3798  4246    85  3534 21676 24981      251483  Sat Sep 19 12:28:43 2009
M3G20090720T173631_V00_LOC.IMG  1846  2946  3665    21  3500 21673 24984      990187  Sat Sep 19 12:32:15 2009
M3G20090720T214000_V00_LOC.IMG  1848  2520  3164     5  3474 14946 18257      990330  Sat Sep 19 12:34:28 2009
