M3G20090621T065503_V00_LOC.IMG  1656  3478  3984     1  1663  3011  4695       44012  Sat Sep 19 02:22:39 2009
M3G20090621T160702_V00_LOC.IMG  1658  3052  3729     2   734  4808  5446      164685  Sat Sep 19 02:25:43 2009
M3G20090621T193712_V00_LOC.IMG  1661  3195  4104  1886  3526     1  1514      452616  Sat Sep 19 02:27:13 2009
M3G20090622T042035_V00_LOC.IMG  1664  2427  3441   105  3595  5125  8511     1009247  Sat Sep 19 02:31:52 2009
M3G20090622T082242_V00_LOC.IMG  1667  2331  3098  1731  3611     1  1795      537107  Sat Sep 19 02:34:07 2009
M3G20090622T124051_V00_LOC.IMG  1669  1990  2752   151  3616  2434  5666      962845  Sat Sep 19 02:37:27 2009
M3G20090623T012541_V00_LOC.IMG  1671  1075  1954   103  3603  4921  8315     1011580  Sat Sep 19 02:40:46 2009
M3G20090623T061515_V00_LOC.IMG  1674   727  1536  1876  3578     1  1600      478461  Sat Sep 19 02:46:44 2009
M3G20090623T103245_V00_LOC.IMG  1677   381  1514    20  3540  3863  7263     1013147  Sat Sep 19 02:49:32 2009
M3G20090623T143347_V00_LOC.IMG  1682    38   952  1837  3490     1  1529      450080  Sat Sep 19 02:52:05 2009
M3G20090623T182551_V00_LOC.IMG  1684     3  1080     1  3427  4916  8174      463403  Sat Sep 19 02:54:18 2009
M3G20090719T075717_V00_LOC.IMG  1830  2639  3800    69  3565  4824  8124      982843  Sat Sep 19 12:07:47 2009
M3G20090719T121342_V00_LOC.IMG  1833  2638  3459  1923  3594     1  1574      470750  Sat Sep 19 12:11:34 2009
M3G20090719T160300_V00_LOC.IMG  1835  2203  3115   132  3611  4896  8294     1012134  Sat Sep 19 12:13:22 2009
M3G20090719T203200_V00_LOC.IMG  1838  2064  2769  2007  3616     1  1549      463305  Sat Sep 19 12:18:03 2009
M3G20090720T003411_V00_LOC.IMG  1840  1777  2432   151  3616  4968  8367     1012857  Sat Sep 19 12:20:25 2009
M3G20090720T043741_V00_LOC.IMG  1842  1439  2130  1927  3615     1  1623      485510  Sat Sep 19 12:22:48 2009
M3G20090720T090521_V00_LOC.IMG  1844  1089  1967   103  3604  4938  8341     1014017  Sat Sep 19 12:26:28 2009
M3G20090720T173631_V00_LOC.IMG  1846   393  1526    21  3543  4916  8325     1015574  Sat Sep 19 12:31:00 2009
M3G20090720T214000_V00_LOC.IMG  1848    50   978  1781  3493     1  1590      469870  Sat Sep 19 12:33:21 2009
M3G20090815T074952_V00_LOC.IMG  1960  3047  4391     2  3477  2825  6206      905540  Sat Sep 19 14:37:59 2009
M3G20090815T115352_V00_LOC.IMG  1963  3164  4096  1806  3530     1  1603      479293  Sat Sep 19 14:43:14 2009
M3G20090815T162202_V00_LOC.IMG  1965  2615  3756    71  3570  4905  8304     1012604  Sat Sep 19 14:48:06 2009
M3G20090815T205242_V00_LOC.IMG  1968  2594  3414  1899  3598     1  1608      480896  Sat Sep 19 14:52:12 2009
M3G20090816T005433_V00_LOC.IMG  1970  2177  3069   133  3613  4992  8399     1015509  Sat Sep 19 14:54:19 2009
