M3G20090620T051312_V00_LOC.IMG  1642  3330  4121    45  3531 15168 18489      993274  Sat Sep 19 02:06:28 2009
M3G20090620T094042_V00_LOC.IMG  1644  2914  3630    19  3498 17342 20642      986833  Sat Sep 19 02:10:26 2009
M3G20090620T134543_V00_LOC.IMG  1648  2497  3137     5  3474 15039 18277      968103  Sat Sep 19 02:13:56 2009
M3G20090620T181042_V00_LOC.IMG  1650  2049  2648     1  3458 20329 23568      968511  Sat Sep 19 02:17:37 2009
M3G20090621T025007_V00_LOC.IMG  1654  1056  1776     6  2841 14835 17535      807426  Sat Sep 19 02:21:28 2009
M3G20090621T065503_V00_LOC.IMG  1656   560  1385    22  3495 19709 23034      994037  Sat Sep 19 02:24:07 2009
M3G20090717T084032_V00_LOC.IMG  1809  3778  4247    84  3534 18637 21939      280947  Sat Sep 19 11:42:03 2009
M3G20090717T124352_V00_LOC.IMG  1813  3364  4157    47  3534  7523 10818      985777  Sat Sep 19 11:44:48 2009
M3G20090717T171142_V00_LOC.IMG  1816  2947  3665    21  3500  6317  9624      989292  Sat Sep 19 11:48:07 2009
M3G20090717T211502_V00_LOC.IMG  1821  2530  3172     5  3475 14730 18038      989440  Sat Sep 19 11:52:10 2009
M3G20090718T014252_V00_LOC.IMG  1823  2090  2674     1  3458 21617 24926      989593  Sat Sep 19 11:56:19 2009
M3G20090718T054612_V00_LOC.IMG  1825  1594  2244     1  3456 14902 18211      989690  Sat Sep 19 11:58:59 2009
M3G20090718T101402_V00_LOC.IMG  1827  1097  1823     5  3470 21297 24596      986484  Sat Sep 19 12:03:51 2009
M3G20090813T172403_V00_LOC.IMG  1943  3698  4246    76  3535 20829 24120      439576  Sat Sep 19 14:22:32 2009
M3G20090813T213525_V00_LOC.IMG  1946  3282  4055    42  3526 14412 17666      973716  Sat Sep 19 14:25:47 2009
M3G20090814T020525_V00_LOC.IMG  1950  2862  3560    17  3493  2352  5645      985295  Sat Sep 19 14:27:30 2009
M3G20090814T061444_V00_LOC.IMG  1956  2443  3065     4  3470 13986 17185      956925  Sat Sep 19 14:32:49 2009
M3G20090814T102823_V00_LOC.IMG  1957  1994  2570     1  3456 18511 21805      985557  Sat Sep 19 14:35:31 2009
M3G20090815T074952_V00_LOC.IMG  1960     2   456    93  3535 19169 22252      171994  Sat Sep 19 14:41:22 2009
