M3G20090609T060742_V00_LOC.IMG  1529  3899  4014     1   937 11786 12710        6733  Fri Sep 18 23:20:57 2009
M3G20090609T101951_V00_LOC.IMG  1532  3484  4246     2  3471  4997  8362      709917  Fri Sep 18 23:24:33 2009
M3G20090609T183254_V00_LOC.IMG  1534  2652  3475    52  3523 11685 15051     1005138  Fri Sep 18 23:27:28 2009
M3G20090609T230815_V00_LOC.IMG  1539  2235  2985    72  3534  5229  8595     1005243  Fri Sep 18 23:32:20 2009
M3G20090609T234332_V00_LOC.IMG  1540  1860  2493  3085  3535     1   429      127524  Fri Sep 18 23:32:51 2009
M3G20090610T032955_V00_LOC.IMG  1541  1817  2482    82  3097 11679 14616      877562  Fri Sep 18 23:35:48 2009
M3G20090610T070604_V00_LOC.IMG  1543  1372  2003    72  3535  4904  8270     1005485  Fri Sep 18 23:36:47 2009
M3G20090610T113334_V00_LOC.IMG  1545   878  1583    51  3527 11689 15056     1005564  Fri Sep 18 23:41:20 2009
M3G20090610T161308_V00_LOC.IMG  1549   383  1163    22  3508  4498  7865     1005602  Fri Sep 18 23:46:02 2009
M3G20090610T200344_V00_LOC.IMG  1552     2   744     2  3478 11715 15074      767543  Fri Sep 18 23:48:25 2009
M3G20090611T001830_V00_LOC.IMG  1555     3   324     1  3438  4883  8214       14809  Fri Sep 18 23:53:30 2009
