M3G20090604T104552_V00_LOC.IMG  1476  2632  4110   286  3606 24988 28291      476250  Fri Sep 18 22:09:28 2009
M3G20090604T191631_V00_LOC.IMG  1481  2463  3985   169  3606 18795 22099      943690  Fri Sep 18 22:17:49 2009
M3G20090605T034701_V00_LOC.IMG  1486  2396  3664    98  3606  3717  7038      985734  Fri Sep 18 22:24:06 2009
M3G20090605T163232_V00_LOC.IMG  1492  2158  2744  3386  3549     1   102       23199  Fri Sep 18 22:29:30 2009
M3G20090605T163636_V00_LOC.IMG  1493  2165  3050    17  3438 11103 14334      966850  Fri Sep 18 22:31:17 2009
M3G20090606T010302_V00_LOC.IMG  1499  2002  2638     1  3510 25109 28448      990646  Fri Sep 18 22:39:18 2009
M3G20090606T093322_V00_LOC.IMG  1503  1666  2429     1  3482  8535 11881      991422  Fri Sep 18 22:45:47 2009
M3G20090607T110414_V00_LOC.IMG  1510   409  1936   103  3559 22500 25873      996938  Fri Sep 18 22:53:17 2009
M3G20090607T193433_V00_LOC.IMG  1515     3  1755   199  3606 15810 19186      964173  Fri Sep 18 23:01:46 2009
M3G20090608T040423_V00_LOC.IMG  1521     2  1592   321  3606  3517  6879      458000  Fri Sep 18 23:09:57 2009
M3G20090608T123433_V00_LOC.IMG  1526   701  1412  2254  3606  5888  7280       74031  Fri Sep 18 23:16:53 2009
M3G20090617T173853_V00_LOC.IMG  1631  2839  2931  3514  3606     1    70        2241  Sat Sep 19 01:48:47 2009
M3G20090617T215403_V00_LOC.IMG  1633  2749  2919  3512  3606     1    42        2445  Sat Sep 19 01:51:40 2009
M3G20090618T062413_V00_LOC.IMG  1636  2558  2914  3466  3606     1    39        3317  Sat Sep 19 01:55:01 2009
M3G20090621T022443_V00_LOC.IMG  1652  1092  1566  3193  3541     1   233       48524  Sat Sep 19 02:18:43 2009
M3G20090621T063943_V00_LOC.IMG  1655  1089  1468  3199  3533     1   232       36938  Sat Sep 19 02:21:35 2009
M3G20090621T192451_V00_LOC.IMG  1659  1093  1211  3299  3543     1   150        2405  Sat Sep 19 02:25:54 2009
M3G20090716T235253_V00_LOC.IMG  1802  1834  2450  2434  2689     1   217       65100  Sat Sep 19 11:32:51 2009
M3G20090717T040942_V00_LOC.IMG  1805  1686  2305  3208  3461     1   228       66959  Sat Sep 19 11:35:59 2009
M3G20090717T082522_V00_LOC.IMG  1808  1582  2203  3261  3499     1   208       53079  Sat Sep 19 11:39:10 2009
M3G20090717T124052_V00_LOC.IMG  1812  1474  2102  3216  3500     1   232       64973  Sat Sep 19 11:43:40 2009
M3G20090717T165622_V00_LOC.IMG  1815  1365  1998  3171  3477     1   233       69900  Sat Sep 19 11:47:20 2009
M3G20090717T211202_V00_LOC.IMG  1820  1269  1902  3245  3572     1   232       59471  Sat Sep 19 11:50:18 2009
M3G20090718T012742_V00_LOC.IMG  1822  1186  1811  3315  3601     1   173       41807  Sat Sep 19 11:53:35 2009
M3G20090718T054312_V00_LOC.IMG  1824  1130  1714  3290  3607     1   194       46650  Sat Sep 19 11:57:25 2009
M3G20090718T095842_V00_LOC.IMG  1826  1120  1620  3266  3606     1   219       46768  Sat Sep 19 12:00:25 2009
M3G20090728T171132_V00_LOC.IMG  1855  2772  3421  2232  3606 13533 14912       53083  Sat Sep 19 12:46:48 2009
M3G20090729T014312_V00_LOC.IMG  1862  2594  4111   285  3606  6449  9731      527707  Sat Sep 19 12:54:14 2009
M3G20090729T101452_V00_LOC.IMG  1871  2424  3959   168  3606 11346 14633      967388  Sat Sep 19 13:01:46 2009
M3G20090729T184620_V00_LOC.IMG  1878  2257  3549    82  3572  1635  4833      955401  Sat Sep 19 13:08:44 2009
M3G20090730T031812_V00_LOC.IMG  1886  2102  3144    28  3528  7107 10318      960434  Sat Sep 19 13:16:08 2009
M3G20090730T114942_V00_LOC.IMG  1894  1944  2534  2994  3495     1   420      124290  Sat Sep 19 13:21:33 2009
M3G20090730T115533_V00_LOC.IMG  1895  1981  2728     3  3030  7289 10080      836998  Sat Sep 19 13:23:02 2009
M3G20090730T202434_V00_LOC.IMG  1902  1780  2349     1  3470  1411  4604      955002  Sat Sep 19 13:27:58 2009
M3G20090731T045352_V00_LOC.IMG  1912  1363  2192     3  3491 24214 27436      962475  Sat Sep 19 13:37:53 2009
M3G20090811T135403_V00_LOC.IMG  1924  3100  3285  2551  2823     1   233       12142  Sat Sep 19 13:50:35 2009
M3G20090812T065953_V00_LOC.IMG  1926  2423  3030  3136  3515     1   233       62958  Sat Sep 19 13:53:09 2009
M3G20090812T111603_V00_LOC.IMG  1928  2325  2976  3109  3482     1   232       69600  Sat Sep 19 13:57:41 2009
M3G20090812T153213_V00_LOC.IMG  1930  2222  2869  3087  3441     1   233       69900  Sat Sep 19 14:01:55 2009
M3G20090812T194813_V00_LOC.IMG  1932  2133  2773  2969  3301     1   232       69600  Sat Sep 19 14:05:24 2009
M3G20090813T000433_V00_LOC.IMG  1935  2005  2640  3077  3384     1   227       68100  Sat Sep 19 14:08:48 2009
M3G20090813T042033_V00_LOC.IMG  1937  1905  2533  2974  3265     1   171       51300  Sat Sep 19 14:12:56 2009
M3G20090813T125243_V00_LOC.IMG  1939  1686  2297  2899  3155     1   232       69600  Sat Sep 19 14:16:19 2009
M3G20090813T170853_V00_LOC.IMG  1942  1568  2185  2907  3176     1   233       69900  Sat Sep 19 14:18:55 2009
M3G20090813T212453_V00_LOC.IMG  1944  1444  2066  2815  3102     1   233       69900  Sat Sep 19 14:23:46 2009
M3G20090814T014103_V00_LOC.IMG  1947  1330  1957  2834  3143     1   233       69900  Sat Sep 19 14:26:37 2009
M3G20090814T055713_V00_LOC.IMG  1952  1216  1847  2861  3189     1   232       69600  Sat Sep 19 14:29:36 2009
M3G20090815T073441_V00_LOC.IMG  1959  1140  1348  3378  3606     1   179       13060  Sat Sep 19 14:36:44 2009
M3G20090815T115051_V00_LOC.IMG  1962  1141  1264  3415  3606     1   161        4768  Sat Sep 19 14:42:44 2009
