M3G20090612T013733_V00_LOC.IMG  1563  3962  4390  2304  3375     1  1021       69388  Sat Sep 19 00:04:21 2009
M3G20090612T060502_V00_LOC.IMG  1565  3385  4391  1337  3445     1  1980      477714  Sat Sep 19 00:08:30 2009
M3G20090612T064731_V00_LOC.IMG  1566  2965  3903    10  1497  3668  4970      368640  Sat Sep 19 00:12:07 2009
M3G20090612T143522_V00_LOC.IMG  1571  2549  3916    91  3549  2819  6220     1003720  Sat Sep 19 00:18:48 2009
M3G20090612T230542_V00_LOC.IMG  1575  2132  3248   142  3605  1727  5126     1003693  Sat Sep 19 00:26:02 2009
M3G20090613T032520_V00_LOC.IMG  1578  2363  3170  1679  3609     1  1766      527992  Sat Sep 19 00:30:00 2009
M3G20090613T073612_V00_LOC.IMG  1580  2005  2832   151  3616  5204  8584     1005696  Sat Sep 19 00:33:12 2009
M3G20090613T120320_V00_LOC.IMG  1583  1824  2493  1637  3616     1  1912      572074  Sat Sep 19 00:37:59 2009
M3G20090613T161036_V00_LOC.IMG  1586  1521  2197   134  3615  5285  8675     1008807  Sat Sep 19 00:40:37 2009
M3G20090613T200943_V00_LOC.IMG  1588  1182  1905  1645  3607     1  1874      560682  Sat Sep 19 00:42:49 2009
M3G20090614T003642_V00_LOC.IMG  1590  1015  1967   106  3599  5404  8780     1007737  Sat Sep 19 00:47:37 2009
M3G20090614T045922_V00_LOC.IMG  1593   677  1582  1342  3572     1  2111      631820  Sat Sep 19 00:53:32 2009
M3G20090614T090712_V00_LOC.IMG  1595   342  1538    30  3533  5440  8729      981604  Sat Sep 19 00:57:18 2009
M3G20090614T135122_V00_LOC.IMG  1598     9  1065  1221  3482     1  2129      615821  Sat Sep 19 01:02:31 2009
M3G20090614T175501_V00_LOC.IMG  1601     2  1113     1  3418  5381  8605      469795  Sat Sep 19 01:05:50 2009
M3G20090712T053922_V00_LOC.IMG  1767     2   948     1  3357  4561  7923      121145  Sat Sep 19 10:34:05 2009
