M3G20090531T134207_V00_LOC.IMG  1435  3030  3865    26  3508 12584 15958     1008875  Fri Sep 18 21:06:56 2009
M3G20090531T172712_V00_LOC.IMG  1437  2612  3371    54  3527  5803  9177     1008645  Fri Sep 18 21:08:40 2009
M3G20090531T215442_V00_LOC.IMG  1439  2194  2877    73  3535 12881 16254     1008337  Fri Sep 18 21:14:09 2009
M3G20090601T021112_V00_LOC.IMG  1441  1749  2391    82  3535 13760 17132     1008175  Fri Sep 18 21:18:24 2009
M3G20090601T064032_V00_LOC.IMG  1445  1254  1971    70  3534  6930 10301     1007835  Fri Sep 18 21:22:41 2009
M3G20090601T104211_V00_LOC.IMG  1447   760  1551    49  3523 14047 17417     1007447  Fri Sep 18 21:25:31 2009
M3G20090601T145212_V00_LOC.IMG  1448   266  1130    18  3502  7215 10584     1007065  Fri Sep 18 21:27:46 2009
M3G20090601T193005_V00_LOC.IMG  1449     3   710     1  3470 14230 17598      640736  Fri Sep 18 21:31:32 2009
M3G20090627T154523_V00_LOC.IMG  1707  3592  4246   356  3469     1  2978      555941  Sat Sep 19 03:23:43 2009
M3G20090627T163233_V00_LOC.IMG  1708  3559  3959     1   395  2475  2834       64230  Sat Sep 19 03:27:32 2009
M3G20090627T201242_V00_LOC.IMG  1710  3142  3983    17  3502  8952 12313     1004952  Sat Sep 19 03:29:40 2009
