M3G20090617T005342_V00_LOC.IMG  1623  3532  4323    82  3551 25037 28354      700710  Sat Sep 19 01:37:30 2009
M3G20090617T045633_V00_LOC.IMG  1625  3193  4071    48  3535 18269 21588      994040  Sat Sep 19 01:40:52 2009
M3G20090617T092403_V00_LOC.IMG  1627  2855  3657    24  3504 18840 22148      990788  Sat Sep 19 01:44:16 2009
M3G20090617T132653_V00_LOC.IMG  1630  2516  3244     9  3481 18298 21617      994141  Sat Sep 19 01:47:23 2009
M3G20090617T175422_V00_LOC.IMG  1632  2177  2830     2  3464 25016 28336      994199  Sat Sep 19 01:51:16 2009
M3G20090617T215703_V00_LOC.IMG  1634  1839  2436     2  3456 11995 15314      994152  Sat Sep 19 01:52:57 2009
M3G20090618T063933_V00_LOC.IMG  1637  1030  1769    10  3483 24951 28268      993659  Sat Sep 19 01:58:37 2009
M3G20090618T104223_V00_LOC.IMG  1639   619  1432    27  3507 11143 14376      968276  Sat Sep 19 02:01:25 2009
M3G20090714T035832_V00_LOC.IMG  1793  3922  4005  2964  3551 12713 13265        2671  Sat Sep 19 11:15:16 2009
M3G20090714T080142_V00_LOC.IMG  1795  3583  4323    88  3551 17264 20563      613931  Sat Sep 19 11:19:50 2009
M3G20090714T122932_V00_LOC.IMG  1797  3244  4119    53  3539 23712 26992      981989  Sat Sep 19 11:26:07 2009
M3G20090714T163242_V00_LOC.IMG  1799  2904  3704    28  3507 17213 20514      988647  Sat Sep 19 11:28:22 2009
M3G20090714T210032_V00_LOC.IMG  1801  2565  3290    11  3483 23828 27130      988740  Sat Sep 19 11:32:21 2009
M3G20090811T012112_V00_LOC.IMG  1916  2853  3570  1022  3502     1  2325      696882  Sat Sep 19 13:41:27 2009
M3G20090811T013030_V00_LOC.IMG  1917  3063  3633    24   456 19261 19645      113948  Sat Sep 19 13:44:17 2009
M3G20090811T053041_V00_LOC.IMG  1919  2513  3217     8  3479 17326 20613      984564  Sat Sep 19 13:46:51 2009
M3G20090811T095313_V00_LOC.IMG  1921  2173  2755  2717  3463     1   684      204796  Sat Sep 19 13:47:54 2009
M3G20090811T100003_V00_LOC.IMG  1922  2210  2802     2  2093  4842  6837      597387  Sat Sep 19 13:48:36 2009
M3G20090811T135702_V00_LOC.IMG  1925  1833  2405     2  3456  6760 10047      984590  Sat Sep 19 13:51:29 2009
M3G20090812T071513_V00_LOC.IMG  1927   184  1044    55  3542 24481 27765      983847  Sat Sep 19 13:57:13 2009
M3G20090812T111903_V00_LOC.IMG  1929     2   709    90  3551 17679 20901      557326  Sat Sep 19 14:00:13 2009
