M3G20090621T193712_V00_LOC.IMG  1661  3207  3856     1  3447  8192 11535      999206  Sat Sep 19 02:28:15 2009
M3G20090622T042035_V00_LOC.IMG  1664  2209  2850     1  3447 15194 18538      999608  Sat Sep 19 02:32:34 2009
M3G20090622T082242_V00_LOC.IMG  1667  1708  2349     1  3447  8480 11823      999487  Sat Sep 19 02:35:04 2009
M3G20090622T124051_V00_LOC.IMG  1669  1206  1847     1  3447 12206 15519      990090  Sat Sep 19 02:38:25 2009
M3G20090623T012541_V00_LOC.IMG  1671     1   346     1  3447 15016 18359      554133  Sat Sep 19 02:42:00 2009
M3G20090719T073150_V00_LOC.IMG  1829  2756  3394   162  3447     1  3171      950256  Sat Sep 19 12:05:08 2009
M3G20090719T075717_V00_LOC.IMG  1830  2752  3363     1   174 14707 14870       46130  Sat Sep 19 12:08:34 2009
M3G20090719T113510_V00_LOC.IMG  1832  2252  2893     1  3447   311  3573      974981  Sat Sep 19 12:09:15 2009
M3G20090719T160300_V00_LOC.IMG  1835  1750  2391     1  3447 14976 18312      997128  Sat Sep 19 12:14:28 2009
M3G20090719T203200_V00_LOC.IMG  1838  1247  1888     1  3447  8234 11570      997330  Sat Sep 19 12:18:49 2009
M3G20090720T003411_V00_LOC.IMG  1840   746  1383     1  3447 15053 18390      997540  Sat Sep 19 12:21:06 2009
M3G20090720T043741_V00_LOC.IMG  1842   241   879     1  3447  8313 11651      997846  Sat Sep 19 12:23:30 2009
M3G20090720T090521_V00_LOC.IMG  1844     1   375     1  3447 15041 18374      608141  Sat Sep 19 12:27:48 2009
M3G20090815T074952_V00_LOC.IMG  1960  3655  4254     1  3447 12632 15959      963442  Sat Sep 19 14:39:35 2009
M3G20090815T115352_V00_LOC.IMG  1963  3155  3784     1  3447  8284 11611      994819  Sat Sep 19 14:44:09 2009
M3G20090815T162202_V00_LOC.IMG  1965  2654  3283     1  3447 14913 18241      995049  Sat Sep 19 14:49:06 2009
M3G20090815T205242_V00_LOC.IMG  1968  2152  2780     1  3447  8294 11623      995323  Sat Sep 19 14:52:52 2009
M3G20090816T005433_V00_LOC.IMG  1970  1648  2277     1  3447 15087 18417      995521  Sat Sep 19 14:55:17 2009
