M3G20090612T230542_V00_LOC.IMG  1575  3934  3946     2    55  5085  5136          93  Sat Sep 19 00:26:05 2009
M3G20090613T032520_V00_LOC.IMG  1578  3838  4185     1  2186  1744  3787       47624  Sat Sep 19 00:30:09 2009
M3G20090613T073612_V00_LOC.IMG  1580  3499  4323     2  3468  8563 11857      638577  Sat Sep 19 00:33:30 2009
M3G20090613T120320_V00_LOC.IMG  1583  3159  4150    17  3502  1892  5269     1007202  Sat Sep 19 00:38:14 2009
M3G20090613T161036_V00_LOC.IMG  1586  2819  3733    48  3527  8654 12031     1006972  Sat Sep 19 00:40:51 2009
M3G20090613T200943_V00_LOC.IMG  1588  2477  3314    73  3544  1854  5229     1006719  Sat Sep 19 00:43:04 2009
M3G20090614T003642_V00_LOC.IMG  1590  2308  3018    82  3550  8767 12133     1006075  Sat Sep 19 00:48:00 2009
M3G20090614T045922_V00_LOC.IMG  1593  1965  2598    95  3551  2097  5378      980441  Sat Sep 19 00:53:59 2009
M3G20090614T090712_V00_LOC.IMG  1595  1577  2253    91  3552  8715 12079     1005107  Sat Sep 19 00:57:32 2009
M3G20090614T135122_V00_LOC.IMG  1598  1158  1908    76  3547  2115  5476     1004452  Sat Sep 19 01:02:54 2009
M3G20090614T175501_V00_LOC.IMG  1601   741  1565    54  3534  8591 11816      963352  Sat Sep 19 01:06:30 2009
M3G20090615T064852_V00_LOC.IMG  1604     2   533     2  3439  8946 12220      178118  Sat Sep 19 01:10:38 2009
M3G20090712T050712_V00_LOC.IMG  1766   396   989  3453  3516     1    27        7061  Sat Sep 19 10:30:09 2009
M3G20090712T053922_V00_LOC.IMG  1767   397  1284    29  3500  7923 11180      974132  Sat Sep 19 10:34:54 2009
M3G20090712T093119_V00_LOC.IMG  1770     3   940     2  3485  1115  4472      928929  Sat Sep 19 10:37:45 2009
M3G20090712T133812_V00_LOC.IMG  1772     1   159  3339  3446     1    91        6521  Sat Sep 19 10:40:23 2009
M3G20090712T141041_V00_LOC.IMG  1773    13   595     2  3362  2572  5832      284056  Sat Sep 19 10:42:22 2009
