M3G20090620T051312_V00_LOC.IMG  1642  3499  4126     1  3447 11855 15178      993686  Sat Sep 19 02:06:04 2009
M3G20090620T094042_V00_LOC.IMG  1644  3003  3634     1  3447 14112 17353      968847  Sat Sep 19 02:10:11 2009
M3G20090620T134543_V00_LOC.IMG  1648  2506  3140     1  3447 11797 15050      972563  Sat Sep 19 02:13:39 2009
M3G20090620T181042_V00_LOC.IMG  1650  2009  2646     1  3447 17023 20340      991537  Sat Sep 19 02:17:19 2009
M3G20090621T025007_V00_LOC.IMG  1654  1013  1654     1  3447 11517 14847      995480  Sat Sep 19 02:21:17 2009
M3G20090621T065503_V00_LOC.IMG  1656   516  1158     1  3447 16389 19720      995795  Sat Sep 19 02:23:52 2009
M3G20090717T084032_V00_LOC.IMG  1809  4047  4254     1  3447 15360 18644      328486  Sat Sep 19 11:41:32 2009
M3G20090717T124352_V00_LOC.IMG  1813  3551  4163     1  3447  4306  7533      964955  Sat Sep 19 11:44:34 2009
M3G20090717T171142_V00_LOC.IMG  1816  3054  3670     1  3447  3014  6326      990478  Sat Sep 19 11:47:54 2009
M3G20090717T211502_V00_LOC.IMG  1821  2557  3175     1  3447 11427 14740      990855  Sat Sep 19 11:51:57 2009
M3G20090718T014252_V00_LOC.IMG  1823  2057  2677     1  3447 18312 21627      991287  Sat Sep 19 11:56:05 2009
M3G20090718T054612_V00_LOC.IMG  1825  1559  2181     1  3447 11596 14912      991633  Sat Sep 19 11:58:46 2009
M3G20090718T101402_V00_LOC.IMG  1827  1061  1685     1  3447 18136 21308      948178  Sat Sep 19 12:03:33 2009
M3G20090813T172403_V00_LOC.IMG  1943  3957  4254     1  3447 17540 20838      497322  Sat Sep 19 14:21:59 2009
M3G20090813T213525_V00_LOC.IMG  1946  3459  4060     1  3447 11121 14421      987000  Sat Sep 19 14:25:33 2009
M3G20090814T020525_V00_LOC.IMG  1950  2972  3564   962  3447     1  2361      707479  Sat Sep 19 14:27:18 2009
M3G20090814T021520_V00_LOC.IMG  1951  2961  3530     1   970 17746 18684      279334  Sat Sep 19 14:29:27 2009
M3G20090814T061444_V00_LOC.IMG  1956  2462  3068     1  3447 10755 13996      969216  Sat Sep 19 14:32:31 2009
M3G20090814T102823_V00_LOC.IMG  1957  1962  2572     1  3447 15216 18520      988133  Sat Sep 19 14:35:18 2009
M3G20090815T074952_V00_LOC.IMG  1960     1    79     1  3447 15954 19171       86490  Sat Sep 19 14:40:33 2009
