M3G20090528T083319_V00_LOC.IMG  1406   209  1810   145  3596 24678 28033      994664  Fri Sep 18 20:17:18 2009
M3G20090529T013507_V00_LOC.IMG  1412     3  1876   281  3582  2565  6009      795044  Fri Sep 18 20:26:12 2009
M3G20090529T100749_V00_LOC.IMG  1417   339  1677  1279  3606 26136 28595      287440  Fri Sep 18 20:35:01 2009
M3G20090529T183825_V00_LOC.IMG  1421   844  1477  2642  3606 27929 28950       68529  Fri Sep 18 20:44:35 2009
M3G20090530T030925_V00_LOC.IMG  1425  1196  1207  3591  3606 28984 29000          33  Fri Sep 18 20:52:52 2009
M3G20090608T040112_V00_LOC.IMG  1520  2233  2875  3250  3578     1   206       46890  Fri Sep 18 23:08:43 2009
M3G20090608T081622_V00_LOC.IMG  1523  2146  2786  3248  3552     1   202       45576  Fri Sep 18 23:12:53 2009
M3G20090608T123132_V00_LOC.IMG  1525  2059  2696  3252  3529     1   194       43478  Fri Sep 18 23:15:56 2009
M3G20090609T094722_V00_LOC.IMG  1530  1699  2317  3338  3479     1   132       28312  Fri Sep 18 23:21:31 2009
M3G20090609T181734_V00_LOC.IMG  1533  1516  2134  3287  3512     1   197       47475  Fri Sep 18 23:25:31 2009
M3G20090609T223244_V00_LOC.IMG  1535  1420  2044  3303  3534     1   182       42790  Fri Sep 18 23:29:30 2009
M3G20090609T230815_V00_LOC.IMG  1539  1326  1954  3324  3559    63   227       37595  Fri Sep 18 23:32:35 2009
M3G20090610T070304_V00_LOC.IMG  1542  1235  1865  3344  3587     1   151       33397  Fri Sep 18 23:35:54 2009
M3G20090610T111804_V00_LOC.IMG  1544  1131  1776  3267  3606     1   225       56773  Fri Sep 18 23:39:09 2009
M3G20090610T153314_V00_LOC.IMG  1546  1133  1689  3300  3606     1   188       42331  Fri Sep 18 23:43:18 2009
M3G20090610T194824_V00_LOC.IMG  1551  1144  1603  3334  3606     1   157       30528  Fri Sep 18 23:46:13 2009
M3G20090611T000332_V00_LOC.IMG  1553  1147  1518  3348  3606     1   163       24613  Fri Sep 18 23:50:58 2009
M3G20090611T041842_V00_LOC.IMG  1556  1153  1434  3384  3606     1   149       16388  Fri Sep 18 23:56:27 2009
M3G20090611T083352_V00_LOC.IMG  1559  1155  1352  3413  3606     1   144       10275  Sat Sep 19 00:00:22 2009
M3G20090621T192751_V00_LOC.IMG  1660  2658  3636  1550  3606     1  1672      269617  Sat Sep 19 02:26:14 2009
M3G20090621T193712_V00_LOC.IMG  1661  3559  4111   234   793 24778 25229      100614  Sat Sep 19 02:30:00 2009
M3G20090622T081331_V00_LOC.IMG  1666  2351  3521   348  3607     1  3057      910989  Sat Sep 19 02:33:28 2009
M3G20090622T082242_V00_LOC.IMG  1667  2969  3570    80   452 24939 25201       76824  Sat Sep 19 02:36:13 2009
M3G20090623T052831_V00_LOC.IMG  1673  1894  2482     1  3490 21691 25020      991056  Sat Sep 19 02:46:04 2009
M3G20090623T135841_V00_LOC.IMG  1680  1488  2299     1  3477  9801 12981      946185  Sat Sep 19 02:51:11 2009
M3G20090624T024856_V00_LOC.IMG  1687   841  1914    39  2986 15575 18357      832759  Sat Sep 19 02:58:34 2009
M3G20090719T113510_V00_LOC.IMG  1832  2479  3819   130  3606 16444 19727      946274  Sat Sep 19 12:10:55 2009
M3G20090719T200620_V00_LOC.IMG  1837  2293  3388    54  3590  8815 12143      989476  Sat Sep 19 12:17:25 2009
M3G20090720T043741_V00_LOC.IMG  1842  2092  2938    11  3531 24836 28158      988668  Sat Sep 19 12:24:48 2009
M3G20090720T214000_V00_LOC.IMG  1848  1513  2309     1  3474 24825 28140      986640  Sat Sep 19 12:35:21 2009
M3G20090815T115352_V00_LOC.IMG  1963  2614  4111   219  3606 24446 27655      686787  Sat Sep 19 14:45:52 2009
M3G20090815T202602_V00_LOC.IMG  1967  2428  3740   115  3606  9843 13147      975384  Sat Sep 19 14:51:39 2009
M3G20090816T045833_V00_LOC.IMG  1972  2241  3307    45  3571 10366 13675      985706  Sat Sep 19 14:58:06 2009
