M3G20090617T005342_V00_LOC.IMG  1623  3821  4254     1  3447 15092 18416      730680  Sat Sep 19 01:35:36 2009
M3G20090617T045633_V00_LOC.IMG  1625  3327  3924     1  3447  8329 11652      994450  Sat Sep 19 01:40:12 2009
M3G20090617T092403_V00_LOC.IMG  1627  2834  3429     1  3447  9082 12320      968742  Sat Sep 19 01:43:32 2009
M3G20090617T132653_V00_LOC.IMG  1630  2341  2935     1  3447  8364 11684      993499  Sat Sep 19 01:46:43 2009
M3G20090617T175422_V00_LOC.IMG  1632  1850  2442     1  3447 15084 18403      993232  Sat Sep 19 01:50:36 2009
M3G20090617T215703_V00_LOC.IMG  1634  1358  1951     1  3447  2064  5383      993133  Sat Sep 19 01:52:18 2009
M3G20090618T063933_V00_LOC.IMG  1637   376   969     1  3447 15023 18340      992739  Sat Sep 19 01:57:30 2009
M3G20090618T104223_V00_LOC.IMG  1639     1   478     1  3447  1342  4661      819291  Sat Sep 19 02:00:04 2009
M3G20090714T080142_V00_LOC.IMG  1795  3895  4254     1  3447  7435 10676      595688  Sat Sep 19 11:18:20 2009
M3G20090714T122932_V00_LOC.IMG  1797  3400  3991     1  3447 13869 17150      981542  Sat Sep 19 11:24:57 2009
M3G20090714T163242_V00_LOC.IMG  1799  2906  3495     1  3447  7318 10630      990893  Sat Sep 19 11:27:43 2009
M3G20090714T210032_V00_LOC.IMG  1801  2412  3001     1  3447 13936 17246      990440  Sat Sep 19 11:31:42 2009
M3G20090811T013030_V00_LOC.IMG  1917  2833  3421     1  3447  9396 12701      988939  Sat Sep 19 13:43:30 2009
M3G20090811T053041_V00_LOC.IMG  1919  2339  2925     1  3447  7463 10767      988540  Sat Sep 19 13:46:11 2009
M3G20090811T101138_V00_LOC.IMG  1923  1845  2431     1  3447 14170 17472      988301  Sat Sep 19 13:50:16 2009
M3G20090811T135702_V00_LOC.IMG  1925  1369  1922  3239  3447     1   202       59699  Sat Sep 19 13:50:50 2009
