M3G20090528T083019_V00_LOC.IMG  1405   984  1305  2924  3129     1   111       17270  Fri Sep 18 20:13:08 2009
M3G20090528T124548_V00_LOC.IMG  1407   995  1247  2974  3255     1   212       20916  Fri Sep 18 20:17:58 2009
M3G20090607T193433_V00_LOC.IMG  1515  2877  4111   367  3606 15810 19127       33802  Fri Sep 18 23:01:20 2009
M3G20090608T040423_V00_LOC.IMG  1521  2718  4111   234  3606  3496  6827      541027  Fri Sep 18 23:09:37 2009
M3G20090608T123433_V00_LOC.IMG  1526  2537  3836   129  3606  3897  7247      925508  Fri Sep 18 23:16:46 2009
M3G20090609T095022_V00_LOC.IMG  1531  1996  2705     1  3516 11572 14942     1000302  Fri Sep 18 23:23:27 2009
M3G20090609T223544_V00_LOC.IMG  1536  1478  2350     1  3475  1672  5051     1002819  Fri Sep 18 23:30:10 2009
M3G20090610T070604_V00_LOC.IMG  1543  1048  2174    16  3505 24996 28381     1004112  Fri Sep 18 23:38:35 2009
M3G20090610T153615_V00_LOC.IMG  1547  1358  1992  3348  3550     1   103       22368  Fri Sep 18 23:43:22 2009
M3G20090610T154042_V00_LOC.IMG  1548   619  1966    63  3484 15834 19117      982446  Fri Sep 18 23:45:18 2009
M3G20090611T000633_V00_LOC.IMG  1554   194  1805   142  3606  1141  4529     1005279  Fri Sep 18 23:51:39 2009
M3G20090611T083653_V00_LOC.IMG  1560     2  1613   256  3606  9141 12518      642795  Sat Sep 19 00:01:53 2009
M3G20090612T013733_V00_LOC.IMG  1563    77  1819   572  3606 24536 27845      440961  Sat Sep 19 00:07:14 2009
M3G20090612T100753_V00_LOC.IMG  1568   935  1611  2780  3605     1   844      106237  Sat Sep 19 00:12:30 2009
M3G20090612T101600_V00_LOC.IMG  1569   674   992  2183  2709 25166 25642       14037  Sat Sep 19 00:17:32 2009
M3G20090612T183813_V00_LOC.IMG  1573   997  1405  3055  3606 25343 25948       26704  Sat Sep 19 00:24:03 2009
M3G20090621T022443_V00_LOC.IMG  1652  2761  3022  3223  3541     1   233       21376  Sat Sep 19 02:18:40 2009
M3G20090621T063943_V00_LOC.IMG  1655  2678  3024  3179  3532     1   232       32662  Sat Sep 19 02:21:34 2009
M3G20090621T192451_V00_LOC.IMG  1659  2402  3021  3133  3544     1   150       42595  Sat Sep 19 02:25:54 2009
M3G20090622T035521_V00_LOC.IMG  1662  2220  2827  3347  3571     1   107       22639  Sat Sep 19 02:30:11 2009
M3G20090622T081031_V00_LOC.IMG  1665  2132  2726  3407  3545     1    46        4240  Sat Sep 19 02:33:04 2009
M3G20090622T122531_V00_LOC.IMG  1668  2044  2645  3363  3522     1    86       16547  Sat Sep 19 02:36:21 2009
M3G20090623T011032_V00_LOC.IMG  1670  1774  2374  3256  3472     1   199       50535  Sat Sep 19 02:39:45 2009
M3G20090623T052531_V00_LOC.IMG  1672  1683  2274  3226  3478     1   233       62144  Sat Sep 19 02:43:55 2009
M3G20090623T094031_V00_LOC.IMG  1675  1590  2178  3192  3459     1   232       69562  Sat Sep 19 02:46:56 2009
M3G20090623T135541_V00_LOC.IMG  1679  1493  2084  3264  3516     1   203       51655  Sat Sep 19 02:49:47 2009
M3G20090623T181041_V00_LOC.IMG  1683  1394  1991  3234  3538     1   232       60512  Sat Sep 19 02:52:52 2009
M3G20090624T024053_V00_LOC.IMG  1685  1215  1808  3315  3591     1   168       41493  Sat Sep 19 02:56:45 2009
M3G20090624T065553_V00_LOC.IMG  1689  1132  1719  3300  3606     1   184       46385  Sat Sep 19 02:59:48 2009
M3G20090718T054312_V00_LOC.IMG  1824  2836  2985  3384  3606     1   210        6211  Sat Sep 19 11:57:24 2009
M3G20090718T095842_V00_LOC.IMG  1826  2756  2992  3314  3606     1   233       17763  Sat Sep 19 12:00:24 2009
M3G20090719T071631_V00_LOC.IMG  1828  2314  2952  3162  3558     1   226       67800  Sat Sep 19 12:04:37 2009
M3G20090719T113211_V00_LOC.IMG  1831  2212  2849  3190  3566     1   232       66035  Sat Sep 19 12:08:40 2009
M3G20090719T154741_V00_LOC.IMG  1834  2138  2768  3122  3481     1   228       68400  Sat Sep 19 12:12:07 2009
M3G20090719T200321_V00_LOC.IMG  1836  2038  2664  3155  3500     1   233       69900  Sat Sep 19 12:15:58 2009
M3G20090720T001900_V00_LOC.IMG  1839  1957  2576  3197  3502     1   232       63235  Sat Sep 19 12:19:10 2009
M3G20090720T043440_V00_LOC.IMG  1841  1864  2473  3238  3486     1   208       53084  Sat Sep 19 12:22:21 2009
M3G20090720T085010_V00_LOC.IMG  1843  1775  2376  3182  3464     1   233       69241  Sat Sep 19 12:25:15 2009
M3G20090720T172120_V00_LOC.IMG  1845  1588  2175  3182  3449     1   233       69900  Sat Sep 19 12:29:51 2009
M3G20090720T213701_V00_LOC.IMG  1847  1490  2081  3234  3512     1   228       60294  Sat Sep 19 12:32:47 2009
M3G20090815T073441_V00_LOC.IMG  1959  2482  2971  3282  3606     1   207       39448  Sat Sep 19 14:36:42 2009
M3G20090815T115051_V00_LOC.IMG  1962  2396  2972  3274  3606     1   187       42108  Sat Sep 19 14:42:42 2009
M3G20090815T160702_V00_LOC.IMG  1964  2309  2938  3265  3598     1   195       49232  Sat Sep 19 14:46:47 2009
M3G20090815T202301_V00_LOC.IMG  1966  2238  2871  3153  3533     1   233       69900  Sat Sep 19 14:50:26 2009
M3G20090816T003923_V00_LOC.IMG  1969  2134  2752  3262  3544     1   183       45965  Sat Sep 19 14:53:11 2009
M3G20090816T045533_V00_LOC.IMG  1971  2044  2659  3258  3522     1   184       46420  Sat Sep 19 14:56:35 2009
