M3G20090603T134223_V00_LOC.IMG  1466  3324  3918     1  3447 17643 20969      995476  Fri Sep 18 21:55:16 2009
M3G20090603T174502_V00_LOC.IMG  1469  2824  3419     1  3447 11769 15093      994915  Fri Sep 18 21:57:50 2009
M3G20090603T221232_V00_LOC.IMG  1471  2324  2919     1  3447  8382 11703      993881  Fri Sep 18 22:00:39 2009
M3G20090604T023806_V00_LOC.IMG  1472  1810  2399     1  3447 11757 15078      994133  Fri Sep 18 22:02:39 2009
M3G20090604T064302_V00_LOC.IMG  1474  1310  1898     1  3447 18500 21820      994035  Fri Sep 18 22:05:38 2009
M3G20090604T104552_V00_LOC.IMG  1476   807  1397     1  3447 11778 15099      994046  Fri Sep 18 22:08:23 2009
M3G20090604T151322_V00_LOC.IMG  1478   304   896     1  3447 17727 21049      994186  Fri Sep 18 22:13:32 2009
M3G20090604T191631_V00_LOC.IMG  1481     1   395     1  3447  5580  8902      658537  Fri Sep 18 22:16:27 2009
M3G20090728T130752_V00_LOC.IMG  1852  2414  2986     1  3447 15310 18603      985312  Sat Sep 19 12:43:57 2009
M3G20090728T171132_V00_LOC.IMG  1855  1913  2476  1495  3447     1  1842      551937  Sat Sep 19 12:46:01 2009
M3G20090728T174122_V00_LOC.IMG  1856  1925  2483     1  1503 11317 12742      425857  Sat Sep 19 12:48:47 2009
M3G20090728T214215_V00_LOC.IMG  1859  1412  1979     1  3447 16450 19730      981500  Sat Sep 19 12:51:37 2009
M3G20090729T020421_V00_LOC.IMG  1863   906  1476     1  3447  6707  9998      985020  Sat Sep 19 12:55:53 2009
M3G20090729T061427_V00_LOC.IMG  1867   403   971     1  3447  3356  6648      985088  Sat Sep 19 12:57:35 2009
M3G20090729T101452_V00_LOC.IMG  1871     1   462  1792  3447     1  1559      386789  Sat Sep 19 13:00:28 2009
M3G20090729T104424_V00_LOC.IMG  1872     1   467     1  1799 11206 12938      433902  Sat Sep 19 13:04:13 2009
