M3G20090528T083019_V00_LOC.IMG  1405  2835  3128  2899  3129     1   111       16030  Fri Sep 18 20:13:05 2009
M3G20090528T124548_V00_LOC.IMG  1407  2683  3120  2893  3255     1   212       42684  Fri Sep 18 20:17:57 2009
M3G20090528T211637_V00_LOC.IMG  1409  2517  3135  2766  3156     1   212       63600  Fri Sep 18 20:22:22 2009
M3G20090529T013152_V00_LOC.IMG  1411  2021  2651  2512  2942     1   263       78900  Fri Sep 18 20:25:14 2009
M3G20090529T054847_V00_LOC.IMG  1414  1725  1858  3423  3476     1    52        1602  Fri Sep 18 20:28:35 2009
M3G20090529T141938_V00_LOC.IMG  1418  1569  1699  3450  3502     1    50        1508  Fri Sep 18 20:35:33 2009
M3G20090529T183508_V00_LOC.IMG  1420  1493  1512  3510  3519     1     9          47  Fri Sep 18 20:40:56 2009
M3G20090611T000633_V00_LOC.IMG  1554  2902  2963  3467  3606  4349  4489         405  Fri Sep 18 23:51:13 2009
M3G20090611T083653_V00_LOC.IMG  1560  2718  4110   290  3606  9133 12483      362462  Sat Sep 19 00:01:30 2009
M3G20090612T013733_V00_LOC.IMG  1563  2843  4075   171  3606 24243 27660      595011  Sat Sep 19 00:06:58 2009
M3G20090612T100753_V00_LOC.IMG  1568  2648  3179  2848  3606     1   714      114866  Sat Sep 19 00:12:25 2009
M3G20090612T101600_V00_LOC.IMG  1569  2741  3636   105  2710 23165 25642      724835  Sat Sep 19 00:17:29 2009
M3G20090612T143522_V00_LOC.IMG  1571  2745  3413    46   733 29709 30351      182033  Sat Sep 19 00:21:21 2009
M3G20090612T183813_V00_LOC.IMG  1573  2448  3188    23  3606 22378 25880     1003759  Sat Sep 19 00:23:58 2009
M3G20090612T230542_V00_LOC.IMG  1575  2333  2978     8  1780 28597 30350      515918  Sat Sep 19 00:28:18 2009
M3G20090613T030843_V00_LOC.IMG  1577  1803  2518     1  3497  4180  7563     1000528  Sat Sep 19 00:29:14 2009
M3G20090613T113913_V00_LOC.IMG  1582  1352  2318     2  3478  8636 11866      955875  Sat Sep 19 00:37:13 2009
M3G20090613T200943_V00_LOC.IMG  1588   908  2121    29  3514 25229 28601      999125  Sat Sep 19 00:45:33 2009
M3G20090614T043933_V00_LOC.IMG  1592   296  1709   124  3606  6305  9640      984260  Sat Sep 19 00:52:35 2009
M3G20090614T131003_V00_LOC.IMG  1597     3  1523   230  3606 19061 22392      663035  Sat Sep 19 01:01:26 2009
M3G20090624T065553_V00_LOC.IMG  1689  2871  2981  3410  3605     1   193        2680  Sat Sep 19 02:59:47 2009
M3G20090626T141143_V00_LOC.IMG  1691  2291  2870  2590  2844     1   231       69300  Sat Sep 19 03:02:56 2009
M3G20090626T182643_V00_LOC.IMG  1694  2179  2763  2436  2701     1   232       69600  Sat Sep 19 03:10:13 2009
M3G20090627T025703_V00_LOC.IMG  1700  1389  1978  1234  1523     1   232       69600  Sat Sep 19 03:13:59 2009
M3G20090627T071203_V00_LOC.IMG  1702  1199  1794  1011  1321     1   233       69900  Sat Sep 19 03:16:56 2009
M3G20090627T071503_V00_LOC.IMG  1703  1423  2084  2843  3518 30168 30743      166044  Sat Sep 19 03:18:53 2009
M3G20090627T112713_V00_LOC.IMG  1704  1008  1610   898  1226     1   232       69600  Sat Sep 19 03:20:07 2009
M3G20090627T154222_V00_LOC.IMG  1706   807  1414   786  1134     1   233       69900  Sat Sep 19 03:23:06 2009
M3G20090627T154523_V00_LOC.IMG  1707  1166  1917  2588  3562 26765 27598      242889  Sat Sep 19 03:25:57 2009
M3G20090627T195723_V00_LOC.IMG  1709   575  1184   591   951     1   227       68100  Sat Sep 19 03:27:37 2009
M3G20090712T091032_V00_LOC.IMG  1769   946  1254  2916  3605  8492  9185        9662  Sat Sep 19 10:35:58 2009
