M3G20090603T134223_V00_LOC.IMG  1466  3299  3914     1  3447 14312 17651      998991  Fri Sep 18 21:54:54 2009
M3G20090603T174502_V00_LOC.IMG  1469  2798  3412     1  3447  8440 11777      998607  Fri Sep 18 21:57:37 2009
M3G20090603T221232_V00_LOC.IMG  1471  2295  2909     1  3447  5053  8390      998362  Fri Sep 18 22:00:26 2009
M3G20090604T023806_V00_LOC.IMG  1472  1791  2404     1  3447  8429 11765      998139  Fri Sep 18 22:02:26 2009
M3G20090604T064302_V00_LOC.IMG  1474  1287  1899     1  3447 15172 18507      998011  Fri Sep 18 22:05:25 2009
M3G20090604T104552_V00_LOC.IMG  1476   782  1395     1  3447  8451 11786      997988  Fri Sep 18 22:08:10 2009
M3G20090604T151322_V00_LOC.IMG  1478   278   890     1  3447 14400 17735      998012  Fri Sep 18 22:13:10 2009
M3G20090604T191631_V00_LOC.IMG  1481     1   385     1  3447  2252  5588      640641  Fri Sep 18 22:15:59 2009
M3G20090728T130752_V00_LOC.IMG  1852  2423  3021     1  3447 12005 15319      991281  Sat Sep 19 12:43:36 2009
M3G20090728T174122_V00_LOC.IMG  1856  1919  2516     1  3447  8012 11325      991054  Sat Sep 19 12:48:41 2009
M3G20090728T214215_V00_LOC.IMG  1859  1413  2010     1  3447 13157 16459      989474  Sat Sep 19 12:51:20 2009
M3G20090729T020421_V00_LOC.IMG  1863   911  1509     1  3447  3402  6715      991087  Sat Sep 19 12:55:41 2009
M3G20090729T061427_V00_LOC.IMG  1867   405  1002     1  3447    51  3365      991127  Sat Sep 19 12:57:23 2009
M3G20090729T104424_V00_LOC.IMG  1872     1   496     1  3447  7901 11214      829738  Sat Sep 19 13:03:57 2009
