M3G20090520T065048_V00_LOC.IMG  1402   710  1490    47  3521  5121  8473     1002268  Fri Sep 18 20:06:31 2009
M3G20090520T111838_V00_LOC.IMG  1404   215  1066    15  3499 12476 15826     1001722  Fri Sep 18 20:11:36 2009
M3G20090615T102602_V00_LOC.IMG  1606  3868  4247  1641  3456     1  1727      185827  Sat Sep 19 01:12:00 2009
M3G20090615T110554_V00_LOC.IMG  1607  3715  4078     2  1666  5549  7163      172256  Sat Sep 19 01:16:18 2009
M3G20090615T185632_V00_LOC.IMG  1611  2874  3644    39  3517  5758  9102      999611  Sat Sep 19 01:18:02 2009
M3G20090615T232402_V00_LOC.IMG  1613  2453  3148    63  3531 12457 15800      999318  Sat Sep 19 01:21:59 2009
M3G20090616T032653_V00_LOC.IMG  1615  2031  2651    79  3535  5792  9134      999077  Sat Sep 19 01:24:15 2009
M3G20090616T075432_V00_LOC.IMG  1617  1549  2197    78  3535  7307 10648      998836  Sat Sep 19 01:27:19 2009
M3G20090616T115723_V00_LOC.IMG  1620  1053  1773    63  3531   646  3985      998534  Sat Sep 19 01:30:02 2009
M3G20090617T005342_V00_LOC.IMG  1623     2   504     1  3451 11766 15097      290890  Sat Sep 19 01:35:16 2009
M3G20090712T175144_V00_LOC.IMG  1777  3785  4247     2  3449  4347  7682      230556  Sat Sep 19 10:45:47 2009
M3G20090712T220912_V00_LOC.IMG  1779  3364  4216     2  3486 11068 14405      989551  Sat Sep 19 10:50:59 2009
M3G20090713T021312_V00_LOC.IMG  1781  2942  3719    34  3514  4503  7842      998138  Sat Sep 19 10:53:24 2009
M3G20090713T064052_V00_LOC.IMG  1783  2520  3222    60  3530 11214 14551      997557  Sat Sep 19 10:57:24 2009
M3G20090713T104412_V00_LOC.IMG  1785  2098  2724    77  3535  4468  7783      991006  Sat Sep 19 10:59:51 2009
M3G20090713T151202_V00_LOC.IMG  1787  1627  2262    80  3535 11081 14410      995569  Sat Sep 19 11:03:55 2009
M3G20090713T192732_V00_LOC.IMG  1789  1130  1838    66  3532 11016 14351      997104  Sat Sep 19 11:06:39 2009
M3G20090713T233042_V00_LOC.IMG  1791   633  1414    42  3518  4169  7502      996673  Sat Sep 19 11:08:54 2009
M3G20090714T035832_V00_LOC.IMG  1793   138   979   133  3493   476  2539      618334  Sat Sep 19 11:12:47 2009
M3G20090714T080142_V00_LOC.IMG  1795     3   566     1  3457  4125  7442      402486  Sat Sep 19 11:17:58 2009
