M3G20090622T082242_V00_LOC.IMG  1667  3766  4323     2  3438  1778  5139      196727  Sat Sep 19 02:34:25 2009
M3G20090622T124051_V00_LOC.IMG  1669  3418  4322     2  3480  5649  8948      818503  Sat Sep 19 02:37:44 2009
M3G20090623T012541_V00_LOC.IMG  1671  2369  3158    78  3547  8298 11675     1008187  Sat Sep 19 02:41:01 2009
M3G20090623T052831_V00_LOC.IMG  1673  2071  2732  1757  3551     1  1762      527334  Sat Sep 19 02:44:19 2009
M3G20090623T061515_V00_LOC.IMG  1674  2016  2691    93  1774  1582  3198      480939  Sat Sep 19 02:46:54 2009
M3G20090623T095551_V00_LOC.IMG  1676  1665  2308   271  3552     1  3203      959537  Sat Sep 19 02:47:22 2009
M3G20090623T103245_V00_LOC.IMG  1677  1663  2309    93   280  7245  7423       49513  Sat Sep 19 02:49:34 2009
M3G20090623T143347_V00_LOC.IMG  1682  1268  1960    78  3549  1511  4812      984997  Sat Sep 19 02:52:23 2009
M3G20090623T182551_V00_LOC.IMG  1684   842  1611    56  3539  8156 11409      970832  Sat Sep 19 02:54:41 2009
M3G20090624T032004_V00_LOC.IMG  1688     2   919     2  3489  1546  4930      919352  Sat Sep 19 02:59:22 2009
M3G20090624T071103_V00_LOC.IMG  1690     2   576     1  3451  5336  8721      303150  Sat Sep 19 03:01:01 2009
M3G20090719T160300_V00_LOC.IMG  1835  3777  4322     2  3436  8275 11637      164568  Sat Sep 19 12:13:39 2009
M3G20090719T203200_V00_LOC.IMG  1838  3428  4322     2  3477  1531  4906      802216  Sat Sep 19 12:18:16 2009
M3G20090720T003411_V00_LOC.IMG  1840  3089  4036    24  3509  8349 11725     1007639  Sat Sep 19 12:20:39 2009
M3G20090720T043741_V00_LOC.IMG  1842  2737  3610    55  3533  1606  4983     1008139  Sat Sep 19 12:23:02 2009
M3G20090720T090521_V00_LOC.IMG  1844  2383  3183    77  3547  8324 11703     1008727  Sat Sep 19 12:26:42 2009
M3G20090720T173631_V00_LOC.IMG  1846  1676  2328    93  3551  8307 11692     1010168  Sat Sep 19 12:31:18 2009
M3G20090720T214000_V00_LOC.IMG  1848  1289  1978    78  3550  1571  4959     1010996  Sat Sep 19 12:33:35 2009
M3G20090816T005433_V00_LOC.IMG  1970  3721  4323     2  3444  8382 11754      272719  Sat Sep 19 14:54:38 2009
