M3G20090528T083319_V00_LOC.IMG  1406  2987  3748    27  3517 18029 21372      999165  Fri Sep 18 20:16:28 2009
M3G20090528T130108_V00_LOC.IMG  1408  2638  3326    10  3489 24827 28169      999118  Fri Sep 18 20:21:54 2009
M3G20090528T213152_V00_LOC.IMG  1410  1888  2544     1  3457 25421 28763      999116  Fri Sep 18 20:24:48 2009
M3G20090529T015004_V00_LOC.IMG  1413  1660  2500     1  3456 17780 21156     1001804  Fri Sep 18 20:28:22 2009
M3G20090529T060422_V00_LOC.IMG  1415  1360  2149  1346  3465     1  2028      603325  Fri Sep 18 20:28:49 2009
M3G20090529T061013_V00_LOC.IMG  1416  1236  1952     5  1396 26220 27568      398365  Fri Sep 18 20:31:50 2009
M3G20090529T100749_V00_LOC.IMG  1417   812  1797    17  3482 18453 21830     1002270  Fri Sep 18 20:34:04 2009
M3G20090529T143509_V00_LOC.IMG  1419   388  1445    37  3508 26153 29530     1002583  Fri Sep 18 20:40:26 2009
M3G20090529T183825_V00_LOC.IMG  1421     1  1092    68  3541 18810 22184      994404  Fri Sep 18 20:43:46 2009
M3G20090529T230608_V00_LOC.IMG  1423     1   740   108  3551 26232 29581      402308  Fri Sep 18 20:49:30 2009
M3G20090624T071103_V00_LOC.IMG  1690  3721  4324    97  3551 22073 25385      403198  Sat Sep 19 03:02:14 2009
