M3G20090609T095022_V00_LOC.IMG  1531  3681  4247    74  3535  1572  4918      461844  Fri Sep 18 23:22:17 2009
M3G20090609T183254_V00_LOC.IMG  1534  2850  3578    16  3496 21730 25082     1002218  Fri Sep 18 23:28:22 2009
M3G20090609T224831_V00_LOC.IMG  1537  2433  3070   947  3472     1  2450      733992  Fri Sep 18 23:30:45 2009
M3G20090609T230109_V00_LOC.IMG  1538  2460  3089     3   961  3275  4179      268626  Fri Sep 18 23:31:25 2009
M3G20090609T234332_V00_LOC.IMG  1540  1974  2613     1  3457  7114 10471     1003650  Fri Sep 18 23:33:30 2009
M3G20090610T070604_V00_LOC.IMG  1543  1480  2195     1  3458 14958 18317     1004267  Fri Sep 18 23:37:28 2009
M3G20090610T113334_V00_LOC.IMG  1545   985  1776     7  3474 21746 25107     1004793  Fri Sep 18 23:42:28 2009
M3G20090610T154042_V00_LOC.IMG  1548   489  1354    23  3500  5786  9148     1005174  Fri Sep 18 23:44:24 2009
M3G20090610T200344_V00_LOC.IMG  1552     2   932    51  3534 21766 25129     1002720  Fri Sep 18 23:50:07 2009
M3G20090611T001830_V00_LOC.IMG  1555     3   508    89  3535 14752 17961      237921  Fri Sep 18 23:55:37 2009
