M3G20090520T065048_V00_LOC.IMG  1402   404  1312  1621  3541     1  1789      535371  Fri Sep 18 20:05:45 2009
M3G20090520T111838_V00_LOC.IMG  1404    64  1352     1  3490  5784  9147      986301  Fri Sep 18 20:11:07 2009
M3G20090614T135122_V00_LOC.IMG  1598  3831  4319  1221  3052     1  1821       21488  Sat Sep 19 01:02:41 2009
M3G20090614T175501_V00_LOC.IMG  1601  3294  4390     1  3427  5387  8605      492027  Sat Sep 19 01:06:08 2009
M3G20090615T064852_V00_LOC.IMG  1604  2657  3668    71  3576  5594  8960     1004364  Sat Sep 19 01:10:30 2009
M3G20090615T110554_V00_LOC.IMG  1607  2526  3326  1186  3601     1  2302      689160  Sat Sep 19 01:15:44 2009
M3G20090615T185632_V00_LOC.IMG  1611  2011  2638  1095  3616     1  2432      728322  Sat Sep 19 01:17:31 2009
M3G20090615T232402_V00_LOC.IMG  1613  1676  2388   152  3616  5767  9132     1004017  Sat Sep 19 01:21:31 2009
M3G20090616T032653_V00_LOC.IMG  1615  1331  2108  1037  3612     1  2467      738820  Sat Sep 19 01:23:48 2009
M3G20090616T075432_V00_LOC.IMG  1617   987  1949   105  3596   694  4056     1003286  Sat Sep 19 01:26:48 2009
M3G20090616T124034_V00_LOC.IMG  1621   643  1605   934  3567     1  2500      748686  Sat Sep 19 01:32:22 2009
M3G20090617T005342_V00_LOC.IMG  1623     3  1067     1  3405  5092  8446      402930  Sat Sep 19 01:34:03 2009
M3G20090712T053922_V00_LOC.IMG  1767  3118  4390     1  3478  4568  7937      886111  Sat Sep 19 10:34:30 2009
M3G20090712T093119_V00_LOC.IMG  1770  3268  4068  2281  3531     1  1130      337576  Sat Sep 19 10:37:32 2009
M3G20090712T141041_V00_LOC.IMG  1773  2789  3729   856  3571     1  2587      774656  Sat Sep 19 10:42:14 2009
M3G20090712T142133_V00_LOC.IMG  1774  2692  3326    62   355  4481  4698       60624  Sat Sep 19 10:43:21 2009
M3G20090712T175144_V00_LOC.IMG  1777  2680  3388  2499  3598     1  1016      303360  Sat Sep 19 10:44:52 2009
M3G20090712T220912_V00_LOC.IMG  1779  2257  3044   128  3613  4365  7738     1006215  Sat Sep 19 10:50:05 2009
M3G20090713T021312_V00_LOC.IMG  1781  2064  2699  2386  3616     1  1176      351436  Sat Sep 19 10:52:56 2009
M3G20090713T064052_V00_LOC.IMG  1783  1730  2432   154  3616  4516  7888     1005846  Sat Sep 19 10:56:56 2009
M3G20090713T104412_V00_LOC.IMG  1785  1385  2074  2403  3614     1  1142      341145  Sat Sep 19 10:59:22 2009
M3G20090713T151202_V00_LOC.IMG  1787  1039  1993   110  3600  4386  7758     1006041  Sat Sep 19 11:03:28 2009
M3G20090713T192732_V00_LOC.IMG  1789   695  1771    75  3573  4320  7691     1005917  Sat Sep 19 11:06:11 2009
M3G20090713T233042_V00_LOC.IMG  1791   353  1110  2573  3534     1   845      252093  Sat Sep 19 11:08:26 2009
M3G20090714T080142_V00_LOC.IMG  1795     3   476  2524  3416     1   815      111746  Sat Sep 19 11:16:49 2009
M3G20090714T122932_V00_LOC.IMG  1797   387   889     1  1755  4063  5759       34512  Sat Sep 19 11:23:42 2009
