M3G20090528T083319_V00_LOC.IMG  1406     1    66   168  3447 11501 14695       46502  Fri Sep 18 20:15:25 2009
M3G20090623T012541_V00_LOC.IMG  1671  4012  4254     1  3447 18348 21682      376329  Sat Sep 19 02:42:18 2009
M3G20090623T052831_V00_LOC.IMG  1673  3509  4143     1  3447  8438 11775      997759  Sat Sep 19 02:45:00 2009
M3G20090623T095551_V00_LOC.IMG  1676  3006  3641     1  3447  9883 13221      998051  Sat Sep 19 02:48:02 2009
M3G20090623T135841_V00_LOC.IMG  1680  2539  3141  3377  3447     1    66       19027  Sat Sep 19 02:49:58 2009
M3G20090623T142528_V00_LOC.IMG  1681  2504  3139     1  3387   413  3685      979085  Sat Sep 19 02:51:47 2009
M3G20090623T182551_V00_LOC.IMG  1684  2003  2641     1  3447 18043 21373      995537  Sat Sep 19 02:55:27 2009
M3G20090624T024856_V00_LOC.IMG  1687  1005  1645     1  3447  2322  5664      999495  Sat Sep 19 02:57:28 2009
M3G20090624T071103_V00_LOC.IMG  1690   508  1148     1  3447 15421 18764      999708  Sat Sep 19 03:01:42 2009
M3G20090720T090521_V00_LOC.IMG  1844  4050  4254     1  3447 18363 21682      313396  Sat Sep 19 12:28:05 2009
M3G20090720T173631_V00_LOC.IMG  1846  3041  3669     1  3447 18359 21683      994183  Sat Sep 19 12:32:02 2009
M3G20090720T214000_V00_LOC.IMG  1848  2538  3167     1  3447 11630 14956      994579  Sat Sep 19 12:34:15 2009
