M3G20090620T051312_V00_LOC.IMG  1642  2300  3021     4  3490 21791 25120      994862  Sat Sep 19 02:07:14 2009
M3G20090620T094042_V00_LOC.IMG  1644  2094  2684     1  1682 23945 25529      473175  Sat Sep 19 02:10:46 2009
M3G20090620T134543_V00_LOC.IMG  1648  1755  2452     1  3459 21556 24750      953848  Sat Sep 19 02:14:35 2009
M3G20090620T181042_V00_LOC.IMG  1650  1416  2118     3  1728 26869 28484      482269  Sat Sep 19 02:18:14 2009
M3G20090621T022743_V00_LOC.IMG  1653   735  1806    43  3529  2778  6103      993091  Sat Sep 19 02:19:20 2009
M3G20090621T065503_V00_LOC.IMG  1656   396  1350    82  2266 26333 28358      605209  Sat Sep 19 02:24:37 2009
M3G20090621T193712_V00_LOC.IMG  1661   239   935  1247  3615 22438 24792       78743  Sat Sep 19 02:29:56 2009
M3G20090717T000932_V00_LOC.IMG  1803  3150  4026    86  2151 17802 19700      567810  Sat Sep 19 11:35:16 2009
M3G20090717T041548_V00_LOC.IMG  1807  2719  3698    48  3551 21425 24736      990828  Sat Sep 19 11:38:30 2009
M3G20090717T084032_V00_LOC.IMG  1809  2623  3366    20  2163 25231 27207      590977  Sat Sep 19 11:43:00 2009
M3G20090717T124352_V00_LOC.IMG  1813  2304  3031     5  3490 14024 17315      984239  Sat Sep 19 11:45:23 2009
M3G20090717T171142_V00_LOC.IMG  1816  2105  2693     1  2087 12891 14866      590764  Sat Sep 19 11:48:28 2009
M3G20090717T211502_V00_LOC.IMG  1821  1774  2446     1  3460 21327 24639      990355  Sat Sep 19 11:52:40 2009
M3G20090718T014252_V00_LOC.IMG  1823  1429  2135     4  2073 28214 30154      580191  Sat Sep 19 11:57:12 2009
M3G20090718T054612_V00_LOC.IMG  1825  1089  2012    17  3498 21498 24808      989542  Sat Sep 19 11:59:29 2009
M3G20090718T101402_V00_LOC.IMG  1827   749  1594    43  2100 27860 29701      550227  Sat Sep 19 12:04:26 2009
M3G20090812T195416_V00_LOC.IMG  1934  3483  4392   257  3615 21158 24446      107288  Sat Sep 19 14:07:47 2009
M3G20090813T001943_V00_LOC.IMG  1936  3557  4391   187  2429 27940 29964      362823  Sat Sep 19 14:12:29 2009
M3G20090813T042332_V00_LOC.IMG  1938  3083  4277   126  3615 21051 24344      974908  Sat Sep 19 14:15:02 2009
M3G20090813T125543_V00_LOC.IMG  1940  2673  3620    42  3541  9620 12915      986540  Sat Sep 19 14:17:21 2009
M3G20090813T172403_V00_LOC.IMG  1943  2544  3286    17  2471 27396 29689      686381  Sat Sep 19 14:23:33 2009
M3G20090813T213525_V00_LOC.IMG  1946  2256  2950     3  3483 20941 24238      986486  Sat Sep 19 14:26:15 2009
M3G20090814T015612_V00_LOC.IMG  1948  2039  2608     1  2489  1735  4082      702422  Sat Sep 19 14:27:01 2009
M3G20090814T060756_V00_LOC.IMG  1954  1818  2383  3083  3463     1   319       94512  Sat Sep 19 14:30:17 2009
M3G20090814T061121_V00_LOC.IMG  1955  1786  2370  2195  3101     1   314       94200  Sat Sep 19 14:30:48 2009
M3G20090814T061444_V00_LOC.IMG  1956  1699  2299     1  1016 20449 21388      280042  Sat Sep 19 14:33:31 2009
M3G20090814T102823_V00_LOC.IMG  1957  1359  2102     5  2563 25079 27478      717908  Sat Sep 19 14:36:05 2009
M3G20090815T074952_V00_LOC.IMG  1960     2   717   215  2224 25532 27437      236149  Sat Sep 19 14:42:09 2009
M3G20090815T115352_V00_LOC.IMG  1963   586   864  2685  3615 23533 24456       13962  Sat Sep 19 14:45:26 2009
