M3G20090529T143509_V00_LOC.IMG  1419  3691  4247     1  3440 12677 16067      217259  Fri Sep 18 20:38:25 2009
M3G20090529T183825_V00_LOC.IMG  1421  3280  4247     3  3479  5333  8746      934660  Fri Sep 18 20:41:54 2009
M3G20090529T230608_V00_LOC.IMG  1423  2869  3881    37  3508 12733 16144     1014094  Fri Sep 18 20:47:30 2009
M3G20090530T030925_V00_LOC.IMG  1425  2459  3366    61  3527  5447  8847     1011729  Fri Sep 18 20:51:02 2009
M3G20090530T073724_V00_LOC.IMG  1427  2046  2876    77  3535 12997 16395     1011391  Fri Sep 18 20:55:24 2009
M3G20090530T160828_V00_LOC.IMG  1429  1221  1895    64  3534 13057 16452     1010864  Fri Sep 18 20:58:31 2009
M3G20090530T201123_V00_LOC.IMG  1431   764  1428    40  3524  5562  8956     1010612  Fri Sep 18 21:00:44 2009
M3G20090626T142653_V00_LOC.IMG  1692  2704  3336    49  3528 11097 14471     1004608  Sat Sep 19 03:05:02 2009
M3G20090626T142733_V00_LOC.IMG  1693  2704  3336    49  3528 10913 14242      992303  Sat Sep 19 03:08:42 2009
M3G20090626T190524_V00_LOC.IMG  1699  2222  2898    80  3535  4129  7420      985502  Sat Sep 19 03:13:39 2009
M3G20090627T031213_V00_LOC.IMG  1701  1083  1810    63  3532  9716 13080     1005890  Sat Sep 19 03:15:23 2009
M3G20090627T071503_V00_LOC.IMG  1703   592  1394    39  3517  2814  6177     1005648  Sat Sep 19 03:17:41 2009
M3G20090627T114223_V00_LOC.IMG  1705   101   978     6  3492  9470 12833     1005393  Sat Sep 19 03:21:38 2009
M3G20090627T154523_V00_LOC.IMG  1707     2   525   356  3456     1  2977      336455  Sat Sep 19 03:23:52 2009
M3G20090627T163233_V00_LOC.IMG  1708   290   562     1   387  2473  2834       41637  Sat Sep 19 03:27:33 2009
