M3G20090612T060502_V00_LOC.IMG  1565  3745  4188     2  2801  5203  7808      113644  Sat Sep 19 00:09:12 2009
M3G20090612T101600_V00_LOC.IMG  1569  3328  4243     2  3459  3276  6610      864663  Sat Sep 19 00:14:08 2009
M3G20090612T143522_V00_LOC.IMG  1571  2912  3925    36  3505  9526 12905     1003871  Sat Sep 19 00:19:36 2009
M3G20090612T183813_V00_LOC.IMG  1573  2495  3431    62  3525  2204  5582     1003692  Sat Sep 19 00:22:17 2009
M3G20090612T230542_V00_LOC.IMG  1575  2078  2935    78  3534  8433 11809     1003423  Sat Sep 19 00:26:39 2009
M3G20090613T032520_V00_LOC.IMG  1578  1817  2514    83  3535  5010  8358      999247  Sat Sep 19 00:30:42 2009
M3G20090613T073612_V00_LOC.IMG  1580  1393  2019    72  3535 11840 15209     1005638  Sat Sep 19 00:33:55 2009
M3G20090613T120320_V00_LOC.IMG  1583   899  1588    52  3527  5252  8620     1005406  Sat Sep 19 00:38:27 2009
M3G20090613T161036_V00_LOC.IMG  1586   405  1170    23  3509 12014 15380     1005132  Sat Sep 19 00:41:05 2009
M3G20090613T200943_V00_LOC.IMG  1588     3   751     1  3479  5223  8578      790598  Sat Sep 19 00:43:34 2009
M3G20090614T003642_V00_LOC.IMG  1590     3   455     1  3446 12122 15476      195666  Sat Sep 19 00:48:39 2009
