M3G20090520T065048_V00_LOC.IMG  1402   554  1382    29  3513 18479 21824     1001552  Fri Sep 18 20:08:02 2009
M3G20090520T111838_V00_LOC.IMG  1404   138  1041    55  3547 25829 29173     1001340  Fri Sep 18 20:12:31 2009
M3G20090615T062313_V00_LOC.IMG  1603  3413  4324    69  3551 10271 13526      889376  Sat Sep 19 01:09:16 2009
M3G20090615T102602_V00_LOC.IMG  1606  3067  3937    39  3523 11623 14889      977734  Sat Sep 19 01:14:03 2009
M3G20090615T145333_V00_LOC.IMG  1609  2721  3516    18  3494  1193  4519      995922  Sat Sep 19 01:16:51 2009
M3G20090615T185632_V00_LOC.IMG  1611  2374  3094     5  3473 19062 22389      995884  Sat Sep 19 01:19:07 2009
M3G20090615T232402_V00_LOC.IMG  1613  2028  2672     1  3459 25756 29082      995504  Sat Sep 19 01:22:52 2009
M3G20090616T032653_V00_LOC.IMG  1615  1677  2282     2  3459 19087 22411      995163  Sat Sep 19 01:25:08 2009
M3G20090616T075432_V00_LOC.IMG  1617  1258  1937     4  3473 20471 23710      969668  Sat Sep 19 01:28:22 2009
M3G20090616T115723_V00_LOC.IMG  1620   840  1594    16  3495 13837 17064      966059  Sat Sep 19 01:31:05 2009
M3G20090617T005342_V00_LOC.IMG  1623     2   571   106  3551 25035 28353      293318  Sat Sep 19 01:37:49 2009
M3G20090712T091032_V00_LOC.IMG  1769  3818  4247   791  3551     1  2649      123948  Sat Sep 19 10:35:38 2009
M3G20090712T093119_V00_LOC.IMG  1770  4186  4323   117   793 17446 18041       18035  Sat Sep 19 10:39:57 2009
M3G20090712T133812_V00_LOC.IMG  1772  3470  4324    75  3551 13356 16665      817108  Sat Sep 19 10:41:36 2009
M3G20090712T175144_V00_LOC.IMG  1777  3123  3992    43  3527 17609 20919      991116  Sat Sep 19 10:48:02 2009
M3G20090712T220912_V00_LOC.IMG  1779  2776  3570    21  3497 24325 27635      990790  Sat Sep 19 10:51:58 2009
M3G20090713T021312_V00_LOC.IMG  1781  2429  3148     6  3475 17761 21070      990650  Sat Sep 19 10:54:17 2009
M3G20090713T064052_V00_LOC.IMG  1783  2083  2726     2  3460 24247 27555      990261  Sat Sep 19 10:58:27 2009
M3G20090713T104412_V00_LOC.IMG  1785  1737  2322     2  3458 17505 20811      989896  Sat Sep 19 11:00:53 2009
M3G20090713T151202_V00_LOC.IMG  1787  1323  1976     4  3471 24319 27625      989584  Sat Sep 19 11:04:48 2009
M3G20090713T192732_V00_LOC.IMG  1789   905  1632    14  3491 24257 27561      989253  Sat Sep 19 11:07:32 2009
M3G20090713T233042_V00_LOC.IMG  1791   488  1289    34  3518 17404 20708      989015  Sat Sep 19 11:09:46 2009
M3G20090714T035832_V00_LOC.IMG  1793    71   947    63  3551 10201 13268      915528  Sat Sep 19 11:15:38 2009
M3G20090714T080142_V00_LOC.IMG  1795     2   607   100  3551 17261 20562      374650  Sat Sep 19 11:20:07 2009
