M3G20090604T064302_V00_LOC.IMG  1474  2694  4111     1  3266  1701  5104      237038  Fri Sep 18 22:03:52 2009
M3G20090604T151322_V00_LOC.IMG  1478  2505  4111     2  3400   931  4344      756741  Fri Sep 18 22:11:18 2009
M3G20090604T234352_V00_LOC.IMG  1484  2216  3696    17  3516  1715  5119     1008791  Fri Sep 18 22:20:26 2009
M3G20090605T085558_V00_LOC.IMG  1490  2011  3250    76  3579  1774  5206     1015919  Fri Sep 18 22:29:15 2009
M3G20090605T212253_V00_LOC.IMG  1497  1699  2567   128  3607  1833  5276     1017065  Fri Sep 18 22:35:06 2009
M3G20090606T053022_V00_LOC.IMG  1501  1482  2159    90  3607  1824  5271     1017286  Fri Sep 18 22:40:48 2009
M3G20090607T073505_V00_LOC.IMG  1507   170  1567     2  3465   765  4151      888548  Fri Sep 18 22:50:19 2009
M3G20090607T153144_V00_LOC.IMG  1513     2  1390     2  3354  1978  5355      449117  Fri Sep 18 22:55:03 2009
M3G20090608T000122_V00_LOC.IMG  1519  1191  1203     2    30  1689  1718          30  Fri Sep 18 23:05:15 2009
M3G20090728T214215_V00_LOC.IMG  1859  2829  4081   163  3155     1  3109      105485  Sat Sep 19 12:49:38 2009
M3G20090728T222751_V00_LOC.IMG  1860  2752  2970     2   230  1385  1569       12030  Sat Sep 19 12:53:13 2009
M3G20090729T063709_V00_LOC.IMG  1868  2626  4110   124  3375     1  3280      587464  Sat Sep 19 12:58:32 2009
M3G20090729T065940_V00_LOC.IMG  1869  2575  2954     2   245  1330  1478       19790  Sat Sep 19 12:59:59 2009
M3G20090729T151532_V00_LOC.IMG  1876  2381  3875     3  3484  1147  4376      927373  Sat Sep 19 13:07:11 2009
M3G20090729T233354_V00_LOC.IMG  1883  2172  3433    22  3560   407  3770      999057  Sat Sep 19 13:13:30 2009
M3G20090730T081634_V00_LOC.IMG  1892  1963  2975    83  3601  1131  4502     1002530  Sat Sep 19 13:20:32 2009
M3G20090730T163918_V00_LOC.IMG  1901  1868  2518  3384  3607     1   215       62655  Sat Sep 19 13:26:08 2009
M3G20090731T012912_V00_LOC.IMG  1910  1417  2245   103  3607  1552  4929     1002608  Sat Sep 19 13:35:02 2009
M3G20090731T092152_V00_LOC.IMG  1914   970  2044    54  3590  1508  4885     1001837  Sat Sep 19 13:39:12 2009
