M3G20090529T183825_V00_LOC.IMG  1421  3903  4254     1  3447 12092 15469      442049  Fri Sep 18 20:42:45 2009
M3G20090529T230608_V00_LOC.IMG  1423  3410  4193     1  3447 19489 22878     1008592  Fri Sep 18 20:48:16 2009
M3G20090530T030925_V00_LOC.IMG  1425  2880  3635     1  3447 12188 15566     1006545  Fri Sep 18 20:51:30 2009
M3G20090530T073724_V00_LOC.IMG  1427  2386  3139     1  3447 19736 23113     1006400  Fri Sep 18 20:55:56 2009
M3G20090530T160828_V00_LOC.IMG  1429  1400  2146     1  3447 19792 23167     1006082  Fri Sep 18 20:58:58 2009
M3G20090530T201123_V00_LOC.IMG  1431   907  1650     1  3447 12296 15670     1005906  Fri Sep 18 21:01:12 2009
M3G20090626T142653_V00_LOC.IMG  1692  2492  3204     1  3447 17782 21131      998445  Sat Sep 19 03:05:47 2009
M3G20090626T142733_V00_LOC.IMG  1693  2492  3204     1  3447 17477 20826      998445  Sat Sep 19 03:09:14 2009
M3G20090626T182943_V00_LOC.IMG  1695  1993  2638  1993  3447     1  1323      395030  Sat Sep 19 03:10:34 2009
M3G20090626T190019_V00_LOC.IMG  1696  2057  2667  1122  1836     1   306       91800  Sat Sep 19 03:12:43 2009
M3G20090626T190203_V00_LOC.IMG  1697  2095  2686   592   798     1   162       48600  Sat Sep 19 03:12:45 2009
M3G20090626T190233_V00_LOC.IMG  1698  2105  2697   277   498     1    27        8100  Sat Sep 19 03:12:56 2009
M3G20090627T031213_V00_LOC.IMG  1701  1102  1705     1  3447 16411 19747      998331  Sat Sep 19 03:15:56 2009
M3G20090627T071503_V00_LOC.IMG  1703   606  1207     1  3447  9507 12843      998103  Sat Sep 19 03:18:08 2009
M3G20090627T114223_V00_LOC.IMG  1705   109   710     1  3447 16162 19497      997865  Sat Sep 19 03:22:05 2009
M3G20090627T154523_V00_LOC.IMG  1707     1   213     1  3447  6306  9555      340754  Sat Sep 19 03:24:52 2009
