M3G20090529T100749_V00_LOC.IMG  1417  3818  4092     1  1365  1575  2910       36335  Fri Sep 18 20:32:40 2009
M3G20090529T143509_V00_LOC.IMG  1419  3485  4324     2  3455  9280 12701      540950  Fri Sep 18 20:37:46 2009
M3G20090529T183825_V00_LOC.IMG  1421  3152  4308    15  3492  1938  5366     1016880  Fri Sep 18 20:41:40 2009
M3G20090529T230608_V00_LOC.IMG  1423  2819  3897    47  3520  9339 12765     1016356  Fri Sep 18 20:47:05 2009
M3G20090530T030925_V00_LOC.IMG  1425  2507  3481    70  3539  2062  5475     1013910  Fri Sep 18 20:50:48 2009
M3G20090530T073724_V00_LOC.IMG  1427  2172  3069    87  3549  9614 13025     1013577  Fri Sep 18 20:55:08 2009
M3G20090530T160828_V00_LOC.IMG  1429  1500  2242    87  3552  9676 13083     1012907  Fri Sep 18 20:58:16 2009
M3G20090530T201123_V00_LOC.IMG  1431  1164  1827    69  3548  2182  5588     1012630  Fri Sep 18 21:00:30 2009
M3G20090531T134207_V00_LOC.IMG  1435     2   826     2  3475  9212 12596      708804  Fri Sep 18 21:06:33 2009
M3G20090531T172712_V00_LOC.IMG  1437     2   485     1  3433  2432  5804       92425  Fri Sep 18 21:08:26 2009
M3G20090626T142653_V00_LOC.IMG  1692  3009  3712    31  3529  7724 11124     1010342  Sat Sep 19 03:04:40 2009
M3G20090626T142733_V00_LOC.IMG  1693  3009  3712    31  3529  7555 10933     1004424  Sat Sep 19 03:08:27 2009
M3G20090626T190524_V00_LOC.IMG  1699  2672  3317    59  3544   816  4131      986174  Sat Sep 19 03:13:22 2009
M3G20090627T031213_V00_LOC.IMG  1701  1597  2276    92  3552  6349  9728     1009651  Sat Sep 19 03:15:09 2009
M3G20090627T071503_V00_LOC.IMG  1703  1183  1910   651  3548     1  2825      846433  Sat Sep 19 03:17:27 2009
M3G20090627T114223_V00_LOC.IMG  1705   767  1596    55  3535  6105  9482     1009203  Sat Sep 19 03:21:24 2009
M3G20090627T163233_V00_LOC.IMG  1708   352  1173   951  3514     1  2485      744333  Sat Sep 19 03:27:30 2009
M3G20090627T201242_V00_LOC.IMG  1710     3   914     2  3484  5682  8964      844550  Sat Sep 19 03:29:20 2009
