M3G20090621T193712_V00_LOC.IMG  1661  3155  4342   134  3616 21470 24790      913649  Sat Sep 19 02:29:44 2009
M3G20090622T041041_V00_LOC.IMG  1663  2856  3629    41  1960  4060  5835      530746  Sat Sep 19 02:30:39 2009
M3G20090622T082242_V00_LOC.IMG  1667  2465  3281    15  3509 21654 24949      985304  Sat Sep 19 02:36:10 2009
M3G20090622T124051_V00_LOC.IMG  1669  2295  2932     3  1864 25298 27048      523224  Sat Sep 19 02:39:37 2009
M3G20090623T012541_V00_LOC.IMG  1671  1305  2037     7  2091 28297 30250      583995  Sat Sep 19 02:43:45 2009
M3G20090623T052831_V00_LOC.IMG  1673   959  1923    25  3510 18388 21701      990636  Sat Sep 19 02:45:42 2009
M3G20090623T095551_V00_LOC.IMG  1676   615  1488    55  2127 19834 21748      572440  Sat Sep 19 02:48:36 2009
M3G20090623T135841_V00_LOC.IMG  1680   274  1485    99  3587  6512  9811      986673  Sat Sep 19 02:50:49 2009
M3G20090623T182551_V00_LOC.IMG  1684     2   958   156  2269 27832 29792      514755  Sat Sep 19 02:56:35 2009
M3G20090624T024856_V00_LOC.IMG  1687   704   837  3176  3615 15147 15585        3446  Sat Sep 19 02:58:14 2009
M3G20090719T073150_V00_LOC.IMG  1829  3160  4018    87  2190 13064 14999      578457  Sat Sep 19 12:06:19 2009
M3G20090719T113510_V00_LOC.IMG  1832  2732  3672    46  3551 13288 16457      947101  Sat Sep 19 12:10:29 2009
M3G20090719T160300_V00_LOC.IMG  1835  2611  3324    18  2114 28205 30156      583174  Sat Sep 19 12:15:49 2009
M3G20090719T200620_V00_LOC.IMG  1837  2288  2975     4  3486  5523  8827      987513  Sat Sep 19 12:17:02 2009
M3G20090720T003411_V00_LOC.IMG  1840  2038  2611     1  2078 28285 30250      587730  Sat Sep 19 12:22:11 2009
M3G20090720T043741_V00_LOC.IMG  1842  1688  2381     1  3462 21546 24847      987082  Sat Sep 19 12:24:26 2009
M3G20090720T090521_V00_LOC.IMG  1844  1339  2060     7  2127 28269 30250      592511  Sat Sep 19 12:29:41 2009
M3G20090720T173631_V00_LOC.IMG  1846   648  1518    54  2204 28266 30251      593605  Sat Sep 19 12:32:36 2009
M3G20090720T214000_V00_LOC.IMG  1848   306  1501    97  3582 21539 24836      985715  Sat Sep 19 12:34:58 2009
M3G20090815T074952_V00_LOC.IMG  1960  3624  4391   187  2224 25525 27437      335756  Sat Sep 19 14:41:57 2009
M3G20090815T115352_V00_LOC.IMG  1963  3101  4257   124  3615 21249 24455      945045  Sat Sep 19 14:45:22 2009
M3G20090815T162202_V00_LOC.IMG  1965  3067  3913    74  2245 27993 29977      593531  Sat Sep 19 14:50:16 2009
M3G20090815T202602_V00_LOC.IMG  1967  2658  3566    37  3536  6563  9852      983875  Sat Sep 19 14:51:16 2009
M3G20090816T005433_V00_LOC.IMG  1970  2531  3216    13  2039 28277 30156      562029  Sat Sep 19 14:56:26 2009
M3G20090816T045833_V00_LOC.IMG  1972  2213  2866     2  3478  7087 10375      983494  Sat Sep 19 14:57:43 2009
