M3G20090606T053022_V00_LOC.IMG  1501  4229  4254     1   938 15332 16224        5496  Fri Sep 18 22:42:22 2009
M3G20090607T025544_V00_LOC.IMG  1504  1730  2409     1  3447  8591 11945     1001601  Fri Sep 18 22:47:14 2009
M3G20090607T070124_V00_LOC.IMG  1506  1234  1915     1  3447  4996  8351     1001951  Fri Sep 18 22:48:39 2009
M3G20090607T110414_V00_LOC.IMG  1510   738  1420     1  3447  5866  9223     1002296  Fri Sep 18 22:51:53 2009
M3G20090607T153144_V00_LOC.IMG  1513   243   926     1  3447 15410 18767     1002545  Fri Sep 18 22:56:57 2009
M3G20090607T193433_V00_LOC.IMG  1515     1   432   863  3447     1  2520      513342  Fri Sep 18 22:59:05 2009
M3G20090607T201038_V00_LOC.IMG  1516     1   385     1   866  8749  9574      151207  Fri Sep 18 23:04:07 2009
M3G20090731T005012_V00_LOC.IMG  1909  3854  4254     1  3447  7668 10839      620638  Sat Sep 19 13:32:30 2009
M3G20090731T045352_V00_LOC.IMG  1912  3352  3958     1  3447  8123 11378      973602  Sat Sep 19 13:36:35 2009
M3G20090731T092152_V00_LOC.IMG  1914  2852  3461     1  3447 14744 18000      973784  Sat Sep 19 13:40:07 2009
