M3G20090621T193712_V00_LOC.IMG  1661  2952  3816    33  3510  4849  8205     1002306  Sat Sep 19 02:27:52 2009
M3G20090622T042035_V00_LOC.IMG  1664  2114  2821    76  3535 11850 15206     1002795  Sat Sep 19 02:32:21 2009
M3G20090622T082242_V00_LOC.IMG  1667  1690  2321    80  3535  5135  8492     1003053  Sat Sep 19 02:34:51 2009
M3G20090622T124051_V00_LOC.IMG  1669  1203  1866    66  3533  8934 12219      981423  Sat Sep 19 02:38:10 2009
M3G20090623T012541_V00_LOC.IMG  1671     4   595     2  3464 11667 15023      486272  Sat Sep 19 02:41:32 2009
M3G20090719T075717_V00_LOC.IMG  1830  2566  3359    57  3527 11390 14720      994688  Sat Sep 19 12:08:33 2009
M3G20090719T113510_V00_LOC.IMG  1832  2239  2859  3175  3535     1   324       96047  Sat Sep 19 12:08:58 2009
M3G20090719T121342_V00_LOC.IMG  1833  2142  2846    75  3193  4841  7857      901631  Sat Sep 19 12:12:03 2009
M3G20090719T160300_V00_LOC.IMG  1835  1716  2358    81  3535 11634 14988     1001868  Sat Sep 19 12:14:07 2009
M3G20090719T203200_V00_LOC.IMG  1838  1244  1893    67  3534  4891  8246     1002170  Sat Sep 19 12:18:37 2009
M3G20090720T003411_V00_LOC.IMG  1840   744  1474    44  3522 11710 15066     1002431  Sat Sep 19 12:20:53 2009
M3G20090720T043741_V00_LOC.IMG  1842   240  1046    13  3500  4969  8325     1002838  Sat Sep 19 12:23:17 2009
M3G20090720T090521_V00_LOC.IMG  1844     2   619     2  3466 11696 15047      531851  Sat Sep 19 12:27:13 2009
M3G20090815T074952_V00_LOC.IMG  1960  3337  4246     2  3484  9391 12644      957860  Sat Sep 19 14:38:59 2009
M3G20090815T115352_V00_LOC.IMG  1963  2914  3759    36  3512  4946  8296     1000852  Sat Sep 19 14:43:56 2009
M3G20090815T162202_V00_LOC.IMG  1965  2490  3259    61  3529 11586 14925      997589  Sat Sep 19 14:48:49 2009
M3G20090815T205242_V00_LOC.IMG  1968  2064  2758    77  3535  4954  8305     1001460  Sat Sep 19 14:52:40 2009
M3G20090816T005433_V00_LOC.IMG  1970  1637  2256    79  3535 11746 15099     1001802  Sat Sep 19 14:55:04 2009
