M3G20090620T181042_V00_LOC.IMG  1650  3602  4323    82  3551 23558 26879      641302  Sat Sep 19 02:17:57 2009
M3G20090621T022743_V00_LOC.IMG  1653  2915  3630   437  3509     1  2789      835727  Sat Sep 19 02:19:03 2009
M3G20090621T065503_V00_LOC.IMG  1656  2569  3228     8  3483 23023 26344      992975  Sat Sep 19 02:24:24 2009
M3G20090621T193712_V00_LOC.IMG  1661  1389  2111     3  3465 18161 21481      992911  Sat Sep 19 02:29:20 2009
M3G20090622T041041_V00_LOC.IMG  1663   517  1382    31  3511   750  4068      992788  Sat Sep 19 02:30:31 2009
M3G20090622T082242_V00_LOC.IMG  1667    92  1030    60  3545 18356 21663      989406  Sat Sep 19 02:35:51 2009
M3G20090622T124051_V00_LOC.IMG  1669     1   678    98  3552 22080 25306      440999  Sat Sep 19 02:39:29 2009
M3G20090718T014252_V00_LOC.IMG  1823  3614  4324    84  3551 24916 28222      615963  Sat Sep 19 11:56:39 2009
M3G20090718T054612_V00_LOC.IMG  1825  3272  4084    50  3542 18201 21507      988910  Sat Sep 19 11:59:12 2009
M3G20090718T101402_V00_LOC.IMG  1827  2928  3665    25  3509 24586 27870      982187  Sat Sep 19 12:04:10 2009
M3G20090719T073150_V00_LOC.IMG  1829  1001  1778    11  3481  9769 13074      988284  Sat Sep 19 12:06:04 2009
M3G20090719T113510_V00_LOC.IMG  1832   575  1425    29  3506 10151 13297      941087  Sat Sep 19 12:10:04 2009
M3G20090719T160300_V00_LOC.IMG  1835   148  1073    57  3539 24911 28215      988108  Sat Sep 19 12:15:36 2009
M3G20090719T200620_V00_LOC.IMG  1837     2   721    94  3551  2237  5533      536326  Sat Sep 19 12:16:47 2009
M3G20090814T061444_V00_LOC.IMG  1956  3885  4323   118  3551 17177 20450       80644  Sat Sep 19 14:33:06 2009
M3G20090814T102823_V00_LOC.IMG  1957  3544  4323    77  3551 21797 25087      762787  Sat Sep 19 14:35:43 2009
M3G20090815T074952_V00_LOC.IMG  1960  1749  2376     2  3456 22243 25533      984312  Sat Sep 19 14:41:44 2009
M3G20090815T115352_V00_LOC.IMG  1963  1322  2023     4  3468 18103 21257      943790  Sat Sep 19 14:45:01 2009
M3G20090815T162202_V00_LOC.IMG  1965   895  1671    15  3488 24735 28001      977342  Sat Sep 19 14:50:03 2009
M3G20090815T202602_V00_LOC.IMG  1967   468  1317    36  3515  3283  6571      984128  Sat Sep 19 14:51:00 2009
M3G20090816T005433_V00_LOC.IMG  1970    41   964    66  3550 24996 28285      984055  Sat Sep 19 14:56:13 2009
M3G20090816T045833_V00_LOC.IMG  1972     1   612   106  3551  3813  7095      338487  Sat Sep 19 14:57:28 2009
