M3G20090529T230608_V00_LOC.IMG  1423  3876  4390   206  1747 29545 31019      150929  Fri Sep 18 20:49:39 2009
M3G20090530T030925_V00_LOC.IMG  1425  3246  4319   127  3616 22226 25584      846406  Fri Sep 18 20:52:16 2009
M3G20090530T073724_V00_LOC.IMG  1427  3243  3975    76  1440 29774 31020      368552  Fri Sep 18 20:56:34 2009
M3G20090530T160828_V00_LOC.IMG  1429  2642  3282    14  1236 29828 30974      338576  Fri Sep 18 20:59:31 2009
M3G20090530T201123_V00_LOC.IMG  1431  2324  2934     2  3497 22331 25704     1000499  Fri Sep 18 21:01:58 2009
M3G20090531T132341_V00_LOC.IMG  1433   658  1395    50  1258  3130  4215      324485  Fri Sep 18 21:03:30 2009
M3G20090531T172712_V00_LOC.IMG  1437   317  1463    91  3595 22528 25854      996075  Fri Sep 18 21:09:59 2009
M3G20090531T215442_V00_LOC.IMG  1439     2   730   145  1083 29597 30401      225588  Fri Sep 18 21:15:54 2009
M3G20090601T021112_V00_LOC.IMG  1441     2   242   212   337 30469 30547        8607  Fri Sep 18 21:19:21 2009
M3G20090626T142653_V00_LOC.IMG  1692  2458  3443    25  2775 27737 30336      774635  Sat Sep 19 03:06:53 2009
M3G20090626T142733_V00_LOC.IMG  1693  2521  3443    25  2365 27387 29512      632435  Sat Sep 19 03:09:58 2009
M3G20090626T182943_V00_LOC.IMG  1695  2112  3092     7  3470  7853 11202      992904  Sat Sep 19 03:11:19 2009
M3G20090627T031213_V00_LOC.IMG  1701  2058  2724     1  3466 26368 29675      991152  Sat Sep 19 03:16:37 2009
M3G20090627T071503_V00_LOC.IMG  1703  1789  2395     1  3462 19462 22770      991121  Sat Sep 19 03:18:48 2009
M3G20090627T114223_V00_LOC.IMG  1705  1440  2171     3  3481 26114 29422      991013  Sat Sep 19 03:22:45 2009
M3G20090627T154523_V00_LOC.IMG  1707  1093  1947    17  3507 16150 19435      984181  Sat Sep 19 03:25:51 2009
M3G20090627T201242_V00_LOC.IMG  1710   749  1725    43  3541 25425 28720      987120  Sat Sep 19 03:32:01 2009
