M3G20090528T130108_V00_LOC.IMG  1408  2447  4110     2  3359  1132  4596      664803  Fri Sep 18 20:18:50 2009
M3G20090528T213152_V00_LOC.IMG  1410  2284  3964     2  3465  1739  5199     1017082  Fri Sep 18 20:23:07 2009
M3G20090529T061013_V00_LOC.IMG  1416  1659  3179   123  3587  2402  5983     1034162  Fri Sep 18 20:30:02 2009
M3G20090529T143509_V00_LOC.IMG  1419  1510  2770    93  3606  2363  5929     1031433  Fri Sep 18 20:36:42 2009
M3G20090529T230608_V00_LOC.IMG  1423  1364  2359    55  3607  2439  5991     1029029  Fri Sep 18 20:46:13 2009
M3G20090530T073724_V00_LOC.IMG  1427  1279  1983    29  3607  2753  6267     1023586  Fri Sep 18 20:54:31 2009
M3G20090530T160828_V00_LOC.IMG  1429   944  1783     2  3587  2852  6330     1018495  Fri Sep 18 20:57:47 2009
M3G20090531T134207_V00_LOC.IMG  1435   321  1818     2  3498  2435  5852     1013273  Fri Sep 18 21:05:29 2009
M3G20090531T215442_V00_LOC.IMG  1439     3  1648     2  3402  2730  6150      791075  Fri Sep 18 21:12:39 2009
M3G20090601T021112_V00_LOC.IMG  1441     2  1563     2  3341  3606  7028      548028  Fri Sep 18 21:17:32 2009
M3G20090601T064032_V00_LOC.IMG  1445     3   173  3061  3275     1   188        9726  Fri Sep 18 21:21:54 2009
M3G20090601T104211_V00_LOC.IMG  1447   437  1395     2  2064  3893  6050       96661  Fri Sep 18 21:24:47 2009
M3G20090601T193005_V00_LOC.IMG  1449  1152  1225     2   136  4080  4218         813  Fri Sep 18 21:30:34 2009
M3G20090626T142653_V00_LOC.IMG  1692  2227  2894     8  3604   855  4381     1025643  Sat Sep 19 03:03:48 2009
M3G20090626T142733_V00_LOC.IMG  1693  2227  2894     8  3604   855  4359     1019043  Sat Sep 19 03:07:46 2009
M3G20090627T031213_V00_LOC.IMG  1701  1200  2133   540  3603     1  2987      894303  Sat Sep 19 03:14:36 2009
M3G20090627T114223_V00_LOC.IMG  1705   787  1889   741  3571     1  2744      821417  Sat Sep 19 03:20:45 2009
M3G20090627T201242_V00_LOC.IMG  1710   376  1582  1013  3509     1  2407      720244  Sat Sep 19 03:28:12 2009
M3G20090722T021504_V00_LOC.IMG  1849  2589  4110     2  3286  1965  5417      358539  Sat Sep 19 12:36:26 2009
