M3G20090612T101600_V00_LOC.IMG  1569  3991  4254     1  3447  9863 13232      288378  Sat Sep 19 00:15:09 2009
M3G20090612T143522_V00_LOC.IMG  1571  3492  4254     1  3447 16228 19618     1000916  Sat Sep 19 00:20:04 2009
M3G20090612T183813_V00_LOC.IMG  1573  2994  3794     1  3447  8904 12292     1007444  Sat Sep 19 00:22:44 2009
M3G20090612T230542_V00_LOC.IMG  1575  2496  3291     1  3447 15131 18516     1006949  Sat Sep 19 00:27:11 2009
M3G20090613T032520_V00_LOC.IMG  1578  1976  2654     1  3447 11669 15013      999148  Sat Sep 19 00:31:10 2009
M3G20090613T073612_V00_LOC.IMG  1580  1479  2152     1  3447 18541 21895     1002136  Sat Sep 19 00:34:22 2009
M3G20090613T120320_V00_LOC.IMG  1583   981  1651     1  3447 11951 15304     1001782  Sat Sep 19 00:38:54 2009
M3G20090613T161036_V00_LOC.IMG  1586   484  1151     1  3447 18711 22062     1001448  Sat Sep 19 00:41:32 2009
M3G20090613T200943_V00_LOC.IMG  1588     1   651     1  3447 11909 15258      997784  Sat Sep 19 00:44:22 2009
M3G20090614T003642_V00_LOC.IMG  1590     1   103     1  3447 18813 22153      158615  Sat Sep 19 00:49:54 2009
