M3G20090604T191631_V00_LOC.IMG  1481  4053  4254     1  3447  5579  8901      335799  Fri Sep 18 22:16:16 2009
M3G20090604T234352_V00_LOC.IMG  1484  3556  4168     1  3447 18498 21817      992660  Fri Sep 18 22:22:02 2009
M3G20090605T040250_V00_LOC.IMG  1487  3061  3687     1  3447 11826 15153      994721  Fri Sep 18 22:25:42 2009
M3G20090605T081431_V00_LOC.IMG  1489  2559  3189     1  3447 12866 16194      994970  Fri Sep 18 22:27:48 2009
M3G20090605T163636_V00_LOC.IMG  1493  1587  2193  2173  3447     1  1209      361873  Fri Sep 18 22:29:58 2009
M3G20090605T170055_V00_LOC.IMG  1494  1556  2169     1  2182 11793 13911      632913  Fri Sep 18 22:33:03 2009
M3G20090605T210002_V00_LOC.IMG  1496  1055  1697     1  3447  1894  5225      995622  Fri Sep 18 22:33:38 2009
M3G20090606T010302_V00_LOC.IMG  1499   555  1201     1  3447 11883 15215      995677  Fri Sep 18 22:37:54 2009
M3G20090606T053022_V00_LOC.IMG  1501    57   706     1  3447 18666 21995      995071  Fri Sep 18 22:43:06 2009
M3G20090729T101452_V00_LOC.IMG  1871  4152  4254  1795  3447     1  1556       80119  Sat Sep 19 13:00:23 2009
M3G20090729T104424_V00_LOC.IMG  1872  4161  4254     1  1797 11208 12938       84115  Sat Sep 19 13:04:04 2009
M3G20090729T145353_V00_LOC.IMG  1875  3649  4215     1  3447  7116 10342      965578  Sat Sep 19 13:05:50 2009
M3G20090729T185951_V00_LOC.IMG  1879  3147  3711     1  3447  7477 10692      962181  Sat Sep 19 13:10:42 2009
M3G20090729T231421_V00_LOC.IMG  1882  2646  3210   656  3447     1  2516      754060  Sat Sep 19 13:12:11 2009
M3G20090729T233354_V00_LOC.IMG  1883  2651  3207     1   663 16767 17394      186873  Sat Sep 19 13:14:33 2009
M3G20090730T034057_V00_LOC.IMG  1887  2150  2715     1  3447  6060  9288      966500  Sat Sep 19 13:17:27 2009
M3G20090730T075553_V00_LOC.IMG  1891  1647  2215     1  3447  5519  8748      966675  Sat Sep 19 13:19:37 2009
M3G20090730T121311_V00_LOC.IMG  1896  1149  1717  1140  3447     1  2074      621479  Sat Sep 19 13:23:17 2009
M3G20090730T122111_V00_LOC.IMG  1897  1147  1704   472   851     1   350      105000  Sat Sep 19 13:23:29 2009
M3G20090730T122229_V00_LOC.IMG  1898  1144  1703     1    66 10772 10834       17128  Sat Sep 19 13:24:24 2009
M3G20090730T161742_V00_LOC.IMG  1900   642  1219     1  3447   496  3704      960064  Sat Sep 19 13:24:54 2009
M3G20090730T204829_V00_LOC.IMG  1905   155   722  3229  3447     1   163       48264  Sat Sep 19 13:29:45 2009
M3G20090730T204955_V00_LOC.IMG  1906   154   715  2642  2683     1    17        5100  Sat Sep 19 13:29:47 2009
M3G20090730T205153_V00_LOC.IMG  1907   142   707     1  1479 10681 12081      418197  Sat Sep 19 13:30:51 2009
M3G20090731T005012_V00_LOC.IMG  1909     1   228     1  3447 10833 13992      357728  Sat Sep 19 13:33:13 2009
