M3G20090620T134543_V00_LOC.IMG  1648  3669  4323     2  3450  1904  5180      364584  Sat Sep 19 02:12:39 2009
M3G20090620T181042_V00_LOC.IMG  1650  3317  4305     2  3489  7050 10406     1001657  Sat Sep 19 02:16:37 2009
M3G20090621T025007_V00_LOC.IMG  1654  2617  3464    64  3538  1507  4869     1003370  Sat Sep 19 02:20:38 2009
M3G20090621T065503_V00_LOC.IMG  1656  2270  3044    84  3549  6373  9738     1004035  Sat Sep 19 02:23:12 2009
M3G20090621T193712_V00_LOC.IMG  1661  1185  1866    74  3548  1495  4865     1005454  Sat Sep 19 02:27:30 2009
M3G20090622T042035_V00_LOC.IMG  1664   350  1191    20  3513  8494 11864     1006054  Sat Sep 19 02:32:07 2009
M3G20090622T082242_V00_LOC.IMG  1667     1   845     2  3482  1787  5149      809646  Sat Sep 19 02:34:37 2009
M3G20090622T124051_V00_LOC.IMG  1669     1   498     1  3441  5657  8945      166285  Sat Sep 19 02:37:53 2009
M3G20090717T211502_V00_LOC.IMG  1821  3717  4323     1  3444  1489  4798      282971  Sat Sep 19 11:51:01 2009
M3G20090718T014252_V00_LOC.IMG  1823  3369  4324     2  3484  8327 11684      931202  Sat Sep 19 11:55:12 2009
M3G20090718T054612_V00_LOC.IMG  1825  3018  3938    32  3515  1608  4964     1001559  Sat Sep 19 11:58:07 2009
M3G20090718T101402_V00_LOC.IMG  1827  2667  3517    61  3536  8243 11511      975351  Sat Sep 19 12:02:30 2009
M3G20090719T075717_V00_LOC.IMG  1830   800  1556    52  3536  8106 11405      984382  Sat Sep 19 12:08:09 2009
M3G20090719T121342_V00_LOC.IMG  1833   377  1210    21  3515  1556  4856      984719  Sat Sep 19 12:11:52 2009
M3G20090719T160300_V00_LOC.IMG  1835     1   862     1  3485  8286 11649      842375  Sat Sep 19 12:13:52 2009
M3G20090719T203200_V00_LOC.IMG  1838     1   515     2  3444  1541  4904      205106  Sat Sep 19 12:18:23 2009
M3G20090814T061444_V00_LOC.IMG  1956  3657  4324     2  3452  1033  4223      378977  Sat Sep 19 14:31:28 2009
M3G20090814T102823_V00_LOC.IMG  1957  3304  4285     2  3491  5232  8595     1003797  Sat Sep 19 14:34:39 2009
M3G20090815T074952_V00_LOC.IMG  1960  1556  2204    89  3551  6188  9406      960265  Sat Sep 19 14:38:30 2009
M3G20090815T115352_V00_LOC.IMG  1963  1148  1858    72  3547  1585  4960     1007477  Sat Sep 19 14:43:35 2009
M3G20090815T162202_V00_LOC.IMG  1965   724  1511    48  3533  8286 11600      989243  Sat Sep 19 14:48:30 2009
M3G20090815T205242_V00_LOC.IMG  1968   300  1164    16  3510  1591  4968     1008218  Sat Sep 19 14:52:26 2009
M3G20090816T005433_V00_LOC.IMG  1970     3   815     2  3478  8390 11760      735864  Sat Sep 19 14:54:51 2009
