M3G20090606T093322_V00_LOC.IMG  1503  3634  4113  1517  3535     1  1945      324823  Fri Sep 18 22:44:50 2009
M3G20090607T025544_V00_LOC.IMG  1504  1885  2524     1  2720 15260 17868      779272  Fri Sep 18 22:47:48 2009
M3G20090607T070124_V00_LOC.IMG  1506  1390  2119     1  3460 11668 15005      996858  Fri Sep 18 22:49:05 2009
M3G20090607T110414_V00_LOC.IMG  1510   895  1701    10  3477 12541 15880      997502  Fri Sep 18 22:52:20 2009
M3G20090607T153144_V00_LOC.IMG  1513   400  1281    29  3503 22087 25428      998024  Fri Sep 18 22:57:43 2009
M3G20090607T193433_V00_LOC.IMG  1515     3   861    57  3535  5847  9183      888989  Fri Sep 18 22:59:59 2009
M3G20090608T000122_V00_LOC.IMG  1519     2   450    98  3535 21812 25144      123551  Fri Sep 18 23:07:27 2009
M3G20090731T005012_V00_LOC.IMG  1909  3631  4246    71  3535 13985 17191      555581  Sat Sep 19 13:33:33 2009
M3G20090731T045352_V00_LOC.IMG  1912  3213  3980    37  3519 14596 17814      963559  Sat Sep 19 13:37:02 2009
M3G20090731T092152_V00_LOC.IMG  1914  2794  3487    15  3488 21220 24441      964189  Sat Sep 19 13:40:33 2009
