M3G20090618T104223_V00_LOC.IMG  1639  4162  4254     1  3447  4653  7932      151800  Sat Sep 19 02:00:20 2009
M3G20090717T000932_V00_LOC.IMG  1803   784  1385     1  3447  7912 11218      989086  Sat Sep 19 11:34:17 2009
M3G20090717T041548_V00_LOC.IMG  1807   290   894     1  3447 11532 14840      989604  Sat Sep 19 11:37:47 2009
M3G20090717T084032_V00_LOC.IMG  1809     1   403     1  3447 15365 18646      654438  Sat Sep 19 11:41:44 2009
M3G20090812T071513_V00_LOC.IMG  1927  3652  4220     1  3447 18001 21292      985219  Sat Sep 19 13:56:20 2009
M3G20090812T111903_V00_LOC.IMG  1929  3161  3730     1  3447 11220 14439      963435  Sat Sep 19 13:59:25 2009
M3G20090812T154723_V00_LOC.IMG  1931  2669  3241     1  3447 18101 21394      985491  Sat Sep 19 14:04:31 2009
M3G20090812T195416_V00_LOC.IMG  1934  2176  2752     1  3447 11311 14604      985673  Sat Sep 19 14:07:04 2009
M3G20090813T001943_V00_LOC.IMG  1936  1684  2266     1  3447 18090 21385      985841  Sat Sep 19 14:11:37 2009
M3G20090813T042332_V00_LOC.IMG  1938  1190  1776     1  3447 11233 14518      982743  Sat Sep 19 14:14:18 2009
M3G20090813T125543_V00_LOC.IMG  1940   203   794   230  3447     1  3066      919118  Sat Sep 19 14:16:42 2009
M3G20090813T132807_V00_LOC.IMG  1941   201   759     1   238 11218 11448       67009  Sat Sep 19 14:18:50 2009
M3G20090813T172403_V00_LOC.IMG  1943     1   302     1  3447 17544 20838      489390  Sat Sep 19 14:22:13 2009
