M3G20090620T051312_V00_LOC.IMG  1642  3156  4032    19  3497  5214  8550      996706  Sat Sep 19 02:05:19 2009
M3G20090620T094042_V00_LOC.IMG  1644  2730  3537    49  3521  7782 10963      950250  Sat Sep 19 02:09:33 2009
M3G20090620T134543_V00_LOC.IMG  1648  2304  3040    70  3533  5169  8511      998130  Sat Sep 19 02:13:07 2009
M3G20090620T181042_V00_LOC.IMG  1650  1878  2543    82  3535 10391 13724      995642  Sat Sep 19 02:16:51 2009
M3G20090621T025007_V00_LOC.IMG  1654   941  1622    54  3528  4854  8203     1000389  Sat Sep 19 02:20:52 2009
M3G20090621T065503_V00_LOC.IMG  1656   445  1202    26  3510  9723 13074     1000997  Sat Sep 19 02:23:26 2009
M3G20090717T084032_V00_LOC.IMG  1809  3635  4246     2  3459  8757 12074      464892  Sat Sep 19 11:40:36 2009
M3G20090717T124352_V00_LOC.IMG  1813  3401  4086  2298  3494     1  1093      326880  Sat Sep 19 11:44:00 2009
M3G20090717T132344_V00_LOC.IMG  1814  3210  3984    14  2342  4911  7051      639294  Sat Sep 19 11:47:15 2009
M3G20090717T173834_V00_LOC.IMG  1817  2934  3542  2477  2814     1   220       66000  Sat Sep 19 11:48:37 2009
M3G20090717T211502_V00_LOC.IMG  1821  2357  3092    68  3532  4790  8127      996980  Sat Sep 19 11:51:31 2009
M3G20090718T014252_V00_LOC.IMG  1823  1932  2595    81  3535 11670 15010      997843  Sat Sep 19 11:55:36 2009
M3G20090718T054612_V00_LOC.IMG  1825  1494  2098    75  3535  4949  8292      998591  Sat Sep 19 11:58:20 2009
M3G20090718T101402_V00_LOC.IMG  1827   995  1675    57  3529 11496 14841      999260  Sat Sep 19 12:02:50 2009
M3G20090813T172403_V00_LOC.IMG  1943  3561  4246     1  3466 10921 14249      606945  Sat Sep 19 14:21:03 2009
M3G20090813T213525_V00_LOC.IMG  1946  3134  3994    20  3499  4499  7829      995350  Sat Sep 19 14:25:08 2009
M3G20090814T021520_V00_LOC.IMG  1951  2708  3497    50  3522 11227 14526      985860  Sat Sep 19 14:29:07 2009
M3G20090814T061444_V00_LOC.IMG  1956  2280  2999    71  3534  4211  7482      977329  Sat Sep 19 14:32:02 2009
M3G20090814T102823_V00_LOC.IMG  1957  1852  2500    82  3535  8581 11920      997627  Sat Sep 19 14:34:52 2009
M3G20090815T074952_V00_LOC.IMG  1960     2   333     2  3437  9398 12637       13848  Sat Sep 19 14:39:13 2009
