M3G20090603T050442_V00_LOC.IMG  1465  3435  4391     2  3371  1441  4816      177733  Fri Sep 18 21:50:00 2009
M3G20090603T134223_V00_LOC.IMG  1466  2992  4256     1  3505  4238  7623     1008287  Fri Sep 18 21:53:57 2009
M3G20090603T174502_V00_LOC.IMG  1469  3016  3911  1683  3552     1  1751      523918  Fri Sep 18 21:56:56 2009
M3G20090604T023806_V00_LOC.IMG  1472  2464  3229  1780  3607     1  1741      520869  Fri Sep 18 22:01:37 2009
M3G20090604T064302_V00_LOC.IMG  1474  2115  2878   141  3615  5096  8484     1011511  Fri Sep 18 22:04:33 2009
M3G20090604T104552_V00_LOC.IMG  1476  1887  2525  1793  3615     1  1763      527652  Fri Sep 18 22:07:29 2009
M3G20090604T151322_V00_LOC.IMG  1478  1534  2290   142  3616  4327  7713     1011184  Fri Sep 18 22:12:01 2009
M3G20090604T195758_V00_LOC.IMG  1482  1181  1943  1745  3608     1  1775      531257  Fri Sep 18 22:18:46 2009
M3G20090604T234352_V00_LOC.IMG  1484   768  1759    70  3581  5095  8487     1010900  Fri Sep 18 22:20:44 2009
M3G20090605T040250_V00_LOC.IMG  1487   417  1305  1609  3544     1  1814      542704  Fri Sep 18 22:24:51 2009
M3G20090605T081431_V00_LOC.IMG  1489    68  1207   522  3494     1  2852      818934  Fri Sep 18 22:26:54 2009
M3G20090605T085558_V00_LOC.IMG  1490   685  1303     2   620  5196  5722      129616  Fri Sep 18 22:29:20 2009
M3G20090605T170055_V00_LOC.IMG  1494   184   442  1582  2596     1  1016        3804  Fri Sep 18 22:31:47 2009
M3G20090728T130752_V00_LOC.IMG  1852  2653  3696    64  3576  1932  5334     1014426  Sat Sep 19 12:42:28 2009
M3G20090728T174122_V00_LOC.IMG  1856  2588  3346  2082  3601     1  1436      429489  Sat Sep 19 12:47:57 2009
M3G20090728T214215_V00_LOC.IMG  1859  2201  2993   131  3614  3191  6593     1014601  Sat Sep 19 12:50:17 2009
M3G20090729T022657_V00_LOC.IMG  1864  1999  2649  2177  3616     1  1390      415591  Sat Sep 19 12:56:24 2009
M3G20090729T063709_V00_LOC.IMG  1868  1651  2401   149  3616  3259  6660     1014418  Sat Sep 19 12:59:07 2009
M3G20090729T104424_V00_LOC.IMG  1872  1297  2021  2313  3612     1  1231      367830  Sat Sep 19 13:02:40 2009
M3G20090729T151532_V00_LOC.IMG  1876   944  1946    99  3595  4356  7605      969240  Sat Sep 19 13:07:42 2009
M3G20090729T193219_V00_LOC.IMG  1880   591  1392  2306  3565     1  1120      334577  Sat Sep 19 13:11:34 2009
M3G20090729T233354_V00_LOC.IMG  1883   239  1488    12  3521  3751  7081      993771  Sat Sep 19 13:13:45 2009
M3G20090730T040120_V00_LOC.IMG  1888     2   780  2135  3462     1  1192      285292  Sat Sep 19 13:17:55 2009
M3G20090730T081634_V00_LOC.IMG  1892     3  1028     1  3392  4484  7808      298214  Sat Sep 19 13:21:04 2009
