M3G20090520T065048_V00_LOC.IMG  1402   371  1513    81  3589 21818 25164     1002141  Fri Sep 18 20:08:28 2009
M3G20090520T111838_V00_LOC.IMG  1404    38   981   132  1987 29168 30874      505953  Fri Sep 18 20:12:45 2009
M3G20090614T131003_V00_LOC.IMG  1597  3454  4390   258  3615 15749 19065      127414  Sat Sep 19 01:01:03 2009
M3G20090614T173733_V00_LOC.IMG  1600  3711  4391   183  1619  8968 10299      245794  Sat Sep 19 01:03:54 2009
M3G20090615T062313_V00_LOC.IMG  1603  2847  3596    36  1369 13520 14720      358652  Sat Sep 19 01:09:22 2009
M3G20090615T102602_V00_LOC.IMG  1606  2360  3252    14  3498 14882 18213      997045  Sat Sep 19 01:14:26 2009
M3G20090615T145333_V00_LOC.IMG  1609  2251  2907     2  1285  4513  5709      357469  Sat Sep 19 01:16:55 2009
M3G20090615T185632_V00_LOC.IMG  1611  1924  2562     2  3459 22382 25711      996406  Sat Sep 19 01:19:21 2009
M3G20090615T232402_V00_LOC.IMG  1613  1620  2237     1  1153 29075 30155      322591  Sat Sep 19 01:22:57 2009
M3G20090616T032653_V00_LOC.IMG  1615  1277  2067     7  3493 22405 25731      995877  Sat Sep 19 01:25:24 2009
M3G20090616T075432_V00_LOC.IMG  1617   937  1622    26  1090 23704 24663      286413  Sat Sep 19 01:28:27 2009
M3G20090616T115723_V00_LOC.IMG  1620   601  1638    56  3560 17058 20236      951515  Sat Sep 19 01:31:27 2009
M3G20090617T005342_V00_LOC.IMG  1623     3   633   221  2100 28349 30155      173658  Sat Sep 19 01:38:15 2009
M3G20090712T050712_V00_LOC.IMG  1766  3252  4321   131  2668 16299 18660      707045  Sat Sep 19 10:32:35 2009
M3G20090712T091032_V00_LOC.IMG  1769  2833  3980    80  3574  2643  5958      992324  Sat Sep 19 10:35:54 2009
M3G20090712T133812_V00_LOC.IMG  1772  2724  3637    42  2704 16658 19154      747392  Sat Sep 19 10:41:47 2009
M3G20090712T175144_V00_LOC.IMG  1777  2394  3293    17  3500 20913 24226      991949  Sat Sep 19 10:48:25 2009
M3G20090712T220912_V00_LOC.IMG  1779  2217  2948     3  2773 27628 30250      785126  Sat Sep 19 10:52:09 2009
M3G20090713T021312_V00_LOC.IMG  1781  1958  2603     1  3460 21064 24376      991530  Sat Sep 19 10:54:31 2009
M3G20090713T064052_V00_LOC.IMG  1783  1674  2291     1  2512 27549 29910      707017  Sat Sep 19 10:58:38 2009
M3G20090713T104412_V00_LOC.IMG  1785  1331  2088     6  3490 20805 24031      965743  Sat Sep 19 11:01:13 2009
M3G20090713T151202_V00_LOC.IMG  1787   990  1791    23  2616 27619 30050      728089  Sat Sep 19 11:04:58 2009
M3G20090713T192732_V00_LOC.IMG  1789   652  1553    52  2730 27555 30058      749563  Sat Sep 19 11:07:43 2009
M3G20090713T233042_V00_LOC.IMG  1791   317  1445    94  3597 20702 24008      990136  Sat Sep 19 11:10:02 2009
M3G20090714T035832_V00_LOC.IMG  1793     2  1100   148  2962 13262 15689      651694  Sat Sep 19 11:16:12 2009
M3G20090714T080142_V00_LOC.IMG  1795     2  1025   213  3616 20557 23850      381224  Sat Sep 19 11:20:50 2009
