M3G20090529T013507_V00_LOC.IMG  1412  3146  4111   271  2974  2531  5218      213677  Fri Sep 18 20:25:48 2009
M3G20090529T100749_V00_LOC.IMG  1417  2789  3942   152  3606 25119 28469      721477  Fri Sep 18 20:34:46 2009
M3G20090529T183825_V00_LOC.IMG  1421  2590  3508    67  3605 25477 28872      940547  Fri Sep 18 20:44:29 2009
M3G20090530T030925_V00_LOC.IMG  1425  2315  2991    12  3607 25555 28999     1005864  Fri Sep 18 20:52:50 2009
M3G20090530T201123_V00_LOC.IMG  1431  1509  2529     1  3499 25661 29096     1005096  Fri Sep 18 21:02:21 2009
M3G20090531T172712_V00_LOC.IMG  1437    85  1609   174  3606 25849 29172      902457  Fri Sep 18 21:10:37 2009
M3G20090601T061442_V00_LOC.IMG  1443    32  1330   453  3606  4161  7390      107745  Fri Sep 18 21:20:54 2009
M3G20090610T111804_V00_LOC.IMG  1544  2880  2971  3446  3606    70   233        1356  Fri Sep 18 23:39:07 2009
M3G20090610T153314_V00_LOC.IMG  1546  2795  2982  3368  3606     1   215       10151  Fri Sep 18 23:43:17 2009
M3G20090610T194824_V00_LOC.IMG  1551  2710  2969  3356  3606     1   197       16649  Fri Sep 18 23:46:13 2009
M3G20090611T000332_V00_LOC.IMG  1553  2626  2968  3327  3605     1   201       23947  Fri Sep 18 23:50:57 2009
M3G20090611T041842_V00_LOC.IMG  1556  2543  2960  3321  3606     1   185       27835  Fri Sep 18 23:56:26 2009
M3G20090611T083352_V00_LOC.IMG  1559  2460  2959  3308  3606     1   179       32391  Sat Sep 19 00:00:21 2009
M3G20090612T013433_V00_LOC.IMG  1562  1641  2341  2860  3238     1   227       68100  Sat Sep 19 00:03:58 2009
M3G20090612T054942_V00_LOC.IMG  1564  1660  2346  2322  2677     1   233       69900  Sat Sep 19 00:08:05 2009
M3G20090612T100452_V00_LOC.IMG  1567  1637  2309  1787  2115     1   233       69900  Sat Sep 19 00:12:16 2009
M3G20090612T142003_V00_LOC.IMG  1570  1572  2232  1248  1546     1   228       68400  Sat Sep 19 00:17:45 2009
M3G20090612T183512_V00_LOC.IMG  1572  1463  2113   703   982     1   233       69900  Sat Sep 19 00:21:36 2009
M3G20090612T183813_V00_LOC.IMG  1573  1241  1984  2500  3592 29786 30839      282082  Sat Sep 19 00:24:11 2009
M3G20090612T225022_V00_LOC.IMG  1574  1312  1953   164   421     1   233       69900  Sat Sep 19 00:25:08 2009
M3G20090626T182943_V00_LOC.IMG  1695  1251  1839     5  3589 11157 14571      996906  Sat Sep 19 03:11:43 2009
M3G20090627T031213_V00_LOC.IMG  1701  1221  1834     8   656 29673 30255      174183  Sat Sep 19 03:16:40 2009
M3G20090627T071503_V00_LOC.IMG  1703   999  2005    22  3536 22767 26084      991413  Sat Sep 19 03:19:13 2009
M3G20090627T114223_V00_LOC.IMG  1705   780  1490    46  1085 29419 30350      278663  Sat Sep 19 03:22:49 2009
M3G20090627T154523_V00_LOC.IMG  1707   564  1810    77  3594 19431 22717      981345  Sat Sep 19 03:26:18 2009
M3G20090627T201242_V00_LOC.IMG  1710   350  1181   117  1440 28716 29903      355278  Sat Sep 19 03:32:09 2009
M3G20090712T045202_V00_LOC.IMG  1765  1006  1352  2961  3302     1   228       32165  Sat Sep 19 10:29:56 2009
M3G20090712T090732_V00_LOC.IMG  1768   978  1228  2924  3231     1   233       20183  Sat Sep 19 10:35:07 2009
M3G20090712T132302_V00_LOC.IMG  1771   948  1097  2899  3153     1   232        6812  Sat Sep 19 10:40:08 2009
