M3G20090618T104223_V00_LOC.IMG  1639  4137  4254     1  3447  1342  4657      173920  Sat Sep 19 01:59:53 2009
M3G20090717T000932_V00_LOC.IMG  1803   739  1346     1  3447  4609  7922      990573  Sat Sep 19 11:33:56 2009
M3G20090717T041548_V00_LOC.IMG  1807   242   852     1  3447  8225 11541      991658  Sat Sep 19 11:37:34 2009
M3G20090717T084032_V00_LOC.IMG  1809     1   358     1  3447 12069 15370      594170  Sat Sep 19 11:41:14 2009
M3G20090812T071513_V00_LOC.IMG  1927  3630  4218     1  3447 14705 18008      988544  Sat Sep 19 13:55:59 2009
M3G20090812T111903_V00_LOC.IMG  1929  3135  3723     1  3447  7924 11228      988768  Sat Sep 19 13:59:09 2009
M3G20090812T154723_V00_LOC.IMG  1931  2639  3228     1  3447 14804 18109      988947  Sat Sep 19 14:04:17 2009
M3G20090812T195416_V00_LOC.IMG  1934  2143  2732     1  3447  8013 11319      989127  Sat Sep 19 14:06:51 2009
M3G20090813T001943_V00_LOC.IMG  1936  1647  2239     1  3447 14792 18099      989244  Sat Sep 19 14:11:19 2009
M3G20090813T042332_V00_LOC.IMG  1938  1150  1746     1  3447  7968 11242      979488  Sat Sep 19 14:14:05 2009
M3G20090813T132807_V00_LOC.IMG  1941   153   757     1  3447  7918 11228      989786  Sat Sep 19 14:18:49 2009
M3G20090813T172403_V00_LOC.IMG  1943     1   262     1  3447 14243 17549      434292  Sat Sep 19 14:21:40 2009
