M3G20090620T051312_V00_LOC.IMG  1642   669  1430    44  3530  1882  5228      999052  Sat Sep 19 02:04:55 2009
M3G20090620T094042_V00_LOC.IMG  1644   244  1079    11  3505  4542  7796      971302  Sat Sep 19 02:09:10 2009
M3G20090620T134543_V00_LOC.IMG  1648     2   730     2  3471  1915  5184      614222  Sat Sep 19 02:12:53 2009
M3G20090717T000932_V00_LOC.IMG  1803  1974  2579  2201  3551     1  1313      392794  Sat Sep 19 11:33:12 2009
M3G20090717T041548_V00_LOC.IMG  1807  1574  2191    90  3551  1577  4921      998777  Sat Sep 19 11:37:07 2009
M3G20090717T084032_V00_LOC.IMG  1809  1148  1838    73  3546  5520  8770      970585  Sat Sep 19 11:40:16 2009
M3G20090717T132344_V00_LOC.IMG  1814   723  1486    48  3532  1576  4924      999591  Sat Sep 19 11:46:57 2009
M3G20090717T174402_V00_LOC.IMG  1818   335  1056  1047  2932     1   807      242100  Sat Sep 19 11:49:17 2009
M3G20090717T174705_V00_LOC.IMG  1819   453  1135    15  1087  8312  9294      290936  Sat Sep 19 11:50:11 2009
M3G20090717T211502_V00_LOC.IMG  1821     1   784     2  3476  1498  4804      706538  Sat Sep 19 11:51:15 2009
M3G20090718T014252_V00_LOC.IMG  1823     3   440     2  3435  8337 11679       70935  Sat Sep 19 11:55:21 2009
M3G20090812T111903_V00_LOC.IMG  1929  3635  4322     1  3459  1372  4643      472143  Sat Sep 19 13:58:28 2009
M3G20090812T154723_V00_LOC.IMG  1931  3284  4207     5  3496  8156 11501      999852  Sat Sep 19 14:03:48 2009
M3G20090812T195416_V00_LOC.IMG  1934  2931  3784    40  3524  1364  4709      999914  Sat Sep 19 14:06:25 2009
M3G20090813T001943_V00_LOC.IMG  1936  2576  3359    67  3542  8143 11489      999957  Sat Sep 19 14:10:41 2009
M3G20090813T042332_V00_LOC.IMG  1938  2222  2935    86  3551  1350  4664      990067  Sat Sep 19 14:13:37 2009
M3G20090813T132807_V00_LOC.IMG  1941  1500  2140    87  3551  1265  4614     1000287  Sat Sep 19 14:18:23 2009
M3G20090813T172403_V00_LOC.IMG  1943  1074  1787    69  3545  7583 10934     1000630  Sat Sep 19 14:20:42 2009
M3G20090813T213525_V00_LOC.IMG  1946   647  1434    43  3529  1176  4512      996095  Sat Sep 19 14:24:55 2009
M3G20090814T021520_V00_LOC.IMG  1951   223  1085     9  3504  7885 11240     1001670  Sat Sep 19 14:28:54 2009
M3G20090814T061444_V00_LOC.IMG  1956     3   734     2  3470  1041  4225      573790  Sat Sep 19 14:31:45 2009
