M3G20090603T050442_V00_LOC.IMG  1465  3459  4390   254  3616 24795 28102      141112  Fri Sep 18 21:51:59 2009
M3G20090603T134223_V00_LOC.IMG  1466  3388  4254   120  1805 27574 29093      454901  Fri Sep 18 21:56:00 2009
M3G20090603T174502_V00_LOC.IMG  1469  2830  3917    73  3570 21694 24993      988870  Fri Sep 18 21:58:35 2009
M3G20090603T221232_V00_LOC.IMG  1471  2803  3577    37  1912 18299 20023      516398  Fri Sep 18 22:01:13 2009
M3G20090604T064302_V00_LOC.IMG  1474  2221  2861     2  1860 28413 30150      520289  Fri Sep 18 22:06:45 2009
M3G20090604T104552_V00_LOC.IMG  1476  1940  2517     1  3459 21693 24988      987675  Fri Sep 18 22:09:07 2009
M3G20090604T151322_V00_LOC.IMG  1478  1597  2228     2  1941 27644 29463      545092  Fri Sep 18 22:14:31 2009
M3G20090604T191631_V00_LOC.IMG  1481  1253  2062    10  3492 15498 18796      988353  Fri Sep 18 22:17:25 2009
M3G20090604T234352_V00_LOC.IMG  1484   911  1684    28  1985 28362 30169      541121  Fri Sep 18 22:23:00 2009
M3G20090605T034701_V00_LOC.IMG  1486   653  1726    52  3540   421  3727      988881  Fri Sep 18 22:23:41 2009
M3G20090605T081431_V00_LOC.IMG  1489   318  1200    94  1895 22791 24433      490737  Fri Sep 18 22:28:21 2009
M3G20090605T163636_V00_LOC.IMG  1493     2  1102   213  3615  7817 11117      457392  Fri Sep 18 22:30:58 2009
M3G20090728T130752_V00_LOC.IMG  1852  2759  3564    38  2243 25128 27154      606578  Sat Sep 19 12:44:57 2009
M3G20090728T171132_V00_LOC.IMG  1855  2381  3221    15  3494  8364 11630      977876  Sat Sep 19 12:46:41 2009
M3G20090728T213932_V00_LOC.IMG  1858  2229  2848   508  2232     1  1600      480000  Sat Sep 19 12:49:04 2009
M3G20090728T214215_V00_LOC.IMG  1859  2310  2876     3   535 26178 26649      140000  Sat Sep 19 12:52:45 2009
M3G20090729T014312_V00_LOC.IMG  1862  1939  2523     1  3457  3183  6449      977837  Sat Sep 19 12:53:54 2009
M3G20090729T061102_V00_LOC.IMG  1866  1639  2225   226  2382     1  1956      586800  Sat Sep 19 12:57:00 2009
M3G20090729T061427_V00_LOC.IMG  1867  1632  2181     1   239 13171 13379       61086  Sat Sep 19 12:58:01 2009
M3G20090729T101452_V00_LOC.IMG  1871  1287  2034     9  3491  8084 11351      978363  Sat Sep 19 13:01:22 2009
M3G20090729T144242_V00_LOC.IMG  1874   944  1720    29  2497  4227  6464      669948  Sat Sep 19 13:04:50 2009
M3G20090729T184620_V00_LOC.IMG  1878   834  1608  1688  3557     1  1638      491126  Sat Sep 19 13:08:19 2009
M3G20090729T185951_V00_LOC.IMG  1879   603  1363    61  1758 17080 18583      449904  Sat Sep 19 13:11:20 2009
M3G20090729T231421_V00_LOC.IMG  1882   267  1232   106  2657  8832 11063      668322  Sat Sep 19 13:12:54 2009
M3G20090730T031812_V00_LOC.IMG  1886     1  1196   161  3616  3906  7109      786860  Sat Sep 19 13:15:46 2009
M3G20090730T074602_V00_LOC.IMG  1890     3   759   229  2705  3373  5695      203631  Sat Sep 19 13:18:47 2009
