M3G20090531T133050_V00_LOC.IMG  1434  3236  3855   231  3447     1  3118      934636  Fri Sep 18 21:03:58 2009
M3G20090531T134207_V00_LOC.IMG  1435  3247  3850     1   240 19303 19538       68685  Fri Sep 18 21:07:22 2009
M3G20090531T172712_V00_LOC.IMG  1437  2740  3357     1  3447 12521 15873     1003132  Fri Sep 18 21:09:07 2009
M3G20090531T215442_V00_LOC.IMG  1439  2243  2859     1  3447 19596 22947     1002620  Fri Sep 18 21:14:54 2009
M3G20090601T021112_V00_LOC.IMG  1441  1747  2361     1  3447 20473 23823     1002153  Fri Sep 18 21:18:51 2009
M3G20090601T062753_V00_LOC.IMG  1444  1250  1862  1800  3447     1  1578      472582  Fri Sep 18 21:21:14 2009
M3G20090601T064032_V00_LOC.IMG  1445  1261  1863     1  1808 13640 15409      528685  Fri Sep 18 21:23:00 2009
M3G20090601T104211_V00_LOC.IMG  1447   753  1366     1  3447 20755 24101     1001046  Fri Sep 18 21:25:57 2009
M3G20090601T145212_V00_LOC.IMG  1448   257   868     1  3447 13920 17264     1000526  Fri Sep 18 21:28:13 2009
M3G20090627T154523_V00_LOC.IMG  1707  3865  4254     1  3447  6308  9556      631627  Sat Sep 19 03:24:42 2009
M3G20090627T201242_V00_LOC.IMG  1710  3368  3967     1  3447 15618 18918      987315  Sat Sep 19 03:30:28 2009
