M3G20090613T200943_V00_LOC.IMG  1588  4163  4254     1  3447  8564 11908       82197  Sat Sep 19 00:43:50 2009
M3G20090614T003642_V00_LOC.IMG  1590  3742  4254     1  3447 15472 18822      839035  Sat Sep 19 00:49:00 2009
M3G20090614T045922_V00_LOC.IMG  1593  3246  3866     1  3447  8692 12042     1002112  Sat Sep 19 00:54:44 2009
M3G20090614T090712_V00_LOC.IMG  1595  2750  3369     1  3447 15413 18762     1001658  Sat Sep 19 00:57:59 2009
M3G20090614T131003_V00_LOC.IMG  1597  2255  2873     1  3447  2430  5777     1001143  Sat Sep 19 00:59:48 2009
M3G20090614T175501_V00_LOC.IMG  1601  1761  2377     1  3447 15135 18469      997320  Sat Sep 19 01:07:11 2009
M3G20090615T062313_V00_LOC.IMG  1603   277   888     1  3447   600  3857      973933  Sat Sep 19 01:08:04 2009
M3G20090615T102602_V00_LOC.IMG  1606     1   391     1  3447  1717  4983      621024  Sat Sep 19 01:12:12 2009
M3G20090712T050712_V00_LOC.IMG  1766  1352  1959     1  3447  3319  6577      974440  Sat Sep 19 10:30:58 2009
M3G20090712T093119_V00_LOC.IMG  1770   857  1463     1  3447  7708 10966      974293  Sat Sep 19 10:38:55 2009
M3G20090712T133812_V00_LOC.IMG  1772   361   965     1  3447  3414  6743      995785  Sat Sep 19 10:40:50 2009
M3G20090712T175144_V00_LOC.IMG  1777     1   468     1  3447  7674 11002      770303  Sat Sep 19 10:46:08 2009
