M3G20090604T062742_V00_LOC.IMG  1473  2757  2938  3462  3606     1    95        6812  Fri Sep 18 22:02:57 2009
M3G20090604T104302_V00_LOC.IMG  1475  2663  2915  3493  3606     1    37        2828  Fri Sep 18 22:07:01 2009
M3G20090604T145812_V00_LOC.IMG  1477  2567  2929  3432  3605     1    74       10162  Fri Sep 18 22:10:24 2009
M3G20090604T191332_V00_LOC.IMG  1480  2470  2575  3473  3509     1    16         408  Fri Sep 18 22:14:53 2009
M3G20090604T232842_V00_LOC.IMG  1483  2371  2929  3417  3606     1    55       10224  Fri Sep 18 22:19:23 2009
M3G20090605T075911_V00_LOC.IMG  1488  2075  2095  3449  3454     1     5          32  Fri Sep 18 22:26:15 2009
M3G20090605T162932_V00_LOC.IMG  1491  1868  1968  3438  3460     1    21         520  Fri Sep 18 22:29:26 2009
M3G20090605T204442_V00_LOC.IMG  1495  1765  1880  3445  3471     1    25         702  Fri Sep 18 22:33:10 2009
M3G20090617T132653_V00_LOC.IMG  1630  2870  3026  3297  3606 27965 28277        3399  Sat Sep 19 01:47:45 2009
M3G20090617T215703_V00_LOC.IMG  1634  2709  4110   359  3607 18633 21974      193991  Sat Sep 19 01:53:31 2009
M3G20090618T104223_V00_LOC.IMG  1639  2475  4043   178  3606 17658 20982      907832  Sat Sep 19 02:02:08 2009
M3G20090620T051312_V00_LOC.IMG  1642  1461  2317     1  3478 25107 28465      997890  Sat Sep 19 02:07:37 2009
M3G20090620T134543_V00_LOC.IMG  1648  1046  2152    18  3506 24735 28020      975213  Sat Sep 19 02:15:03 2009
M3G20090621T022743_V00_LOC.IMG  1653   421  1889   102  3572  6088  9441      995260  Sat Sep 19 02:19:44 2009
M3G20090621T192751_V00_LOC.IMG  1660   477  1520  1577  3606     1  1700      233102  Sat Sep 19 02:26:28 2009
M3G20090621T193712_V00_LOC.IMG  1661     3   301   326   792 24791 25229       32340  Sat Sep 19 02:30:03 2009
M3G20090622T081331_V00_LOC.IMG  1666  1171  1217  3522  3606  2974  3058         374  Sat Sep 19 02:33:29 2009
M3G20090717T041548_V00_LOC.IMG  1807  1853  2456     1  3485 24728 28065      994583  Sat Sep 19 11:38:52 2009
M3G20090717T124352_V00_LOC.IMG  1813  1465  2298     1  3480 17305 20573      972603  Sat Sep 19 11:45:50 2009
M3G20090717T211502_V00_LOC.IMG  1821  1049  2132    18  3509 24628 27969      993696  Sat Sep 19 11:53:04 2009
M3G20090718T054612_V00_LOC.IMG  1825   626  1952    67  3553 24796 28134      992435  Sat Sep 19 11:59:54 2009
M3G20090719T113510_V00_LOC.IMG  1832   842  1334  2637  3606 18772 19742       33863  Sat Sep 19 12:11:01 2009
M3G20090728T212422_V00_LOC.IMG  1857  2908  3060  3177  3438     1   233        7990  Sat Sep 19 12:48:55 2009
M3G20090729T014012_V00_LOC.IMG  1861  2829  3066  3123  3417     1   228       19301  Sat Sep 19 12:53:17 2009
M3G20090729T055602_V00_LOC.IMG  1865  2736  3075  3061  3392     1   232       33137  Sat Sep 19 12:56:50 2009
M3G20090729T101152_V00_LOC.IMG  1870  2640  3088  3006  3361     1   233       47205  Sat Sep 19 13:00:03 2009
M3G20090729T142742_V00_LOC.IMG  1873  2539  3102  2955  3324     1   228       60070  Sat Sep 19 13:04:19 2009
M3G20090729T184322_V00_LOC.IMG  1877  2459  3074  2804  3169     1   228       68400  Sat Sep 19 13:08:01 2009
M3G20090729T225910_V00_LOC.IMG  1881  2349  2959  2747  3093     1   228       68400  Sat Sep 19 13:11:50 2009
M3G20090730T031512_V00_LOC.IMG  1885  2207  2813  2839  3166     1   229       68700  Sat Sep 19 13:14:50 2009
M3G20090730T073102_V00_LOC.IMG  1889  2093  2691  2809  3117     1   229       68700  Sat Sep 19 13:18:15 2009
M3G20090730T114642_V00_LOC.IMG  1893  1985  2574  2681  2967     1   229       68700  Sat Sep 19 13:21:28 2009
M3G20090730T160232_V00_LOC.IMG  1899  1863  2443  2670  2938     1   228       68400  Sat Sep 19 13:24:29 2009
M3G20090731T003502_V00_LOC.IMG  1908  1626  2214  3189  3464     1   228       68086  Sat Sep 19 13:30:58 2009
M3G20090731T045052_V00_LOC.IMG  1911  1516  2112  3177  3470     1   228       68400  Sat Sep 19 13:35:20 2009
M3G20090731T090642_V00_LOC.IMG  1913  1407  2012  3174  3487     1   228       68400  Sat Sep 19 13:38:29 2009
M3G20090811T053041_V00_LOC.IMG  1919  2916  3039  3262  3508 26871 27116        2231  Sat Sep 19 13:47:09 2009
M3G20090811T135702_V00_LOC.IMG  1925  2702  4111   358  3606 13336 16651      209295  Sat Sep 19 13:52:01 2009
M3G20090812T111903_V00_LOC.IMG  1929  2290  3601    87  3592 24112 27285      949634  Sat Sep 19 14:01:14 2009
M3G20090812T195416_V00_LOC.IMG  1934  2134  3201    32  3544 24446 27756      990063  Sat Sep 19 14:08:27 2009
M3G20090813T042332_V00_LOC.IMG  1938  1984  2800     4  3508 24340 27646      987250  Sat Sep 19 14:15:29 2009
M3G20090813T125543_V00_LOC.IMG  1940  1828  2423     1  3480 12909 16231      990763  Sat Sep 19 14:17:33 2009
M3G20090813T213525_V00_LOC.IMG  1946  1417  2124     2  1914 24230 26047      543658  Sat Sep 19 14:26:28 2009
M3G20090814T060013_V00_LOC.IMG  1953  1338  2092  2283  3515     1  1041      306318  Sat Sep 19 14:29:50 2009
M3G20090814T060756_V00_LOC.IMG  1954   996  1811    24  1807   309  1954      491688  Sat Sep 19 14:30:23 2009
M3G20090815T115352_V00_LOC.IMG  1963     2  1462   351  3606 24456 27677      274837  Sat Sep 19 14:46:12 2009
M3G20090815T202602_V00_LOC.IMG  1967  1006  1278  3078  3606 12626 13155       10909  Sat Sep 19 14:51:42 2009
