M3G20090531T215442_V00_LOC.IMG  1439  3495  4390     1  3354  6136  9512       72263  Fri Sep 18 21:12:57 2009
M3G20090601T021112_V00_LOC.IMG  1441  3284  4391     2  3428  7014 10403      516680  Fri Sep 18 21:17:44 2009
M3G20090601T064032_V00_LOC.IMG  1445  3073  4354     1  3490   185  3574      951539  Fri Sep 18 21:22:08 2009
M3G20090601T104211_V00_LOC.IMG  1447  2860  4019    25  3540  7296 10692     1013010  Fri Sep 18 21:25:02 2009
M3G20090601T145212_V00_LOC.IMG  1448  2645  3680    68  3577   466  3861     1012821  Fri Sep 18 21:27:18 2009
M3G20090601T193005_V00_LOC.IMG  1449  2428  3339   104  3602  7483 10878     1012549  Fri Sep 18 21:30:48 2009
M3G20090601T235923_V00_LOC.IMG  1450  2201  2988   133  3614   804  4196     1012053  Fri Sep 18 21:32:35 2009
M3G20090602T082937_V00_LOC.IMG  1453  1658  2390   150  3616   794  4184     1011422  Fri Sep 18 21:36:35 2009
M3G20090602T124100_V00_LOC.IMG  1456  1313  2170   130  3612  8301 11689     1011125  Fri Sep 18 21:39:50 2009
M3G20090602T164851_V00_LOC.IMG  1459   968  1949   102  3596  7949 11336     1010838  Fri Sep 18 21:42:54 2009
M3G20090602T203342_V00_LOC.IMG  1461   623  1727    65  3568  1210  4597     1010617  Fri Sep 18 21:44:22 2009
M3G20090603T010112_V00_LOC.IMG  1463   272  1494    18  3525  4932  8317     1010381  Fri Sep 18 21:47:44 2009
M3G20090603T050442_V00_LOC.IMG  1465     2  1272     1  3470  1440  4824      832667  Fri Sep 18 21:50:14 2009
M3G20090603T134223_V00_LOC.IMG  1466   705   832     1   437  4238  4683        2563  Fri Sep 18 21:53:58 2009
