M3G20090621T193712_V00_LOC.IMG  1661  3275  3916     1  3447 11523 14857      996514  Sat Sep 19 02:28:37 2009
M3G20090622T042035_V00_LOC.IMG  1664  2268  2900     1  3447 18527 21860      996739  Sat Sep 19 02:32:46 2009
M3G20090622T082242_V00_LOC.IMG  1667  1766  2398     1  3447 11812 15062      971640  Sat Sep 19 02:35:21 2009
M3G20090622T124051_V00_LOC.IMG  1669  1263  1895     1  3447 15508 18841      996931  Sat Sep 19 02:38:38 2009
M3G20090623T012541_V00_LOC.IMG  1671     1   393     1  3447 18354 21683      621127  Sat Sep 19 02:42:30 2009
M3G20090719T073150_V00_LOC.IMG  1829  2820  3449     1  3447  3159  6480      992792  Sat Sep 19 12:05:30 2009
M3G20090719T113510_V00_LOC.IMG  1832  2318  2947     1  3447  3562  6872      989636  Sat Sep 19 12:09:29 2009
M3G20090719T160300_V00_LOC.IMG  1835  1816  2444     1  3447 18300 21621      993003  Sat Sep 19 12:14:50 2009
M3G20090719T203200_V00_LOC.IMG  1838  1312  1941     1  3447 11559 14881      993159  Sat Sep 19 12:19:01 2009
M3G20090720T003411_V00_LOC.IMG  1840   807  1431     1  3447 18379 21701      993276  Sat Sep 19 12:21:19 2009
M3G20090720T043741_V00_LOC.IMG  1842   302   927     1  3447 11640 14962      993435  Sat Sep 19 12:23:43 2009
M3G20090720T090521_V00_LOC.IMG  1844     1   423     1  3447 18369 21685      680216  Sat Sep 19 12:28:25 2009
M3G20090815T074952_V00_LOC.IMG  1960  3716  4254     1  3447 15948 19173      877935  Sat Sep 19 14:40:15 2009
M3G20090815T115352_V00_LOC.IMG  1963  3215  3829     1  3447 11601 14825      964318  Sat Sep 19 14:44:27 2009
M3G20090815T162202_V00_LOC.IMG  1965  2713  3327     1  3447 18231 21457      964792  Sat Sep 19 14:49:28 2009
M3G20090815T202602_V00_LOC.IMG  1967  2399  2770  3444  3447     1     4         522  Sat Sep 19 14:50:34 2009
M3G20090815T205242_V00_LOC.IMG  1968  2210  2824     1  3447 11612 14918      989348  Sat Sep 19 14:53:05 2009
M3G20090816T005433_V00_LOC.IMG  1970  1706  2319     1  3447 18407 21717      990198  Sat Sep 19 14:55:30 2009
M3G20090816T045833_V00_LOC.IMG  1972  1231  1814  2884  3447     1   528      157562  Sat Sep 19 14:56:46 2009
