M3G20090604T191631_V00_LOC.IMG  1481  3739  4245    83  3535  8895 12205      328038  Fri Sep 18 22:16:44 2009
M3G20090604T234352_V00_LOC.IMG  1484  3317  4141    46  3530 21810 25084      980162  Fri Sep 18 22:22:26 2009
M3G20090605T040250_V00_LOC.IMG  1487  2956  3683    22  3501 15143 18458      991731  Fri Sep 18 22:25:56 2009
M3G20090605T081431_V00_LOC.IMG  1489  2536  3185     6  3476 16184 19500      991972  Fri Sep 18 22:28:01 2009
M3G20090605T163636_V00_LOC.IMG  1493  1598  2259     1  3456  1198  4517      992305  Fri Sep 18 22:30:11 2009
M3G20090605T210002_V00_LOC.IMG  1496  1101  1841     5  3469  5213  8533      992429  Fri Sep 18 22:33:51 2009
M3G20090606T010302_V00_LOC.IMG  1499   606  1424    20  3492 15203 18523      992534  Fri Sep 18 22:38:07 2009
M3G20090606T053022_V00_LOC.IMG  1501   111  1008    45  3524 21983 25302      992189  Fri Sep 18 22:43:29 2009
M3G20090606T093322_V00_LOC.IMG  1503   137   592  1515  3535     1  1946      257934  Fri Sep 18 22:44:56 2009
M3G20090729T101452_V00_LOC.IMG  1871  3804  4247    91  3535  1554  4827      198025  Sat Sep 19 13:00:44 2009
M3G20090729T144242_V00_LOC.IMG  1874  3380  4002  2400  3533     1  1034      309633  Sat Sep 19 13:04:29 2009
M3G20090729T145353_V00_LOC.IMG  1875  3467  4206    52  2442 10335 12512      651694  Sat Sep 19 13:06:04 2009
M3G20090729T185951_V00_LOC.IMG  1879  2957  3706    24  3499 10685 13887      958561  Sat Sep 19 13:10:57 2009
M3G20090729T231421_V00_LOC.IMG  1882  2535  3206     7  3474  2509  5711      958706  Sat Sep 19 13:12:24 2009
M3G20090730T031812_V00_LOC.IMG  1886  2119  2664  2695  3458     1   712      212816  Sat Sep 19 13:15:02 2009
M3G20090730T034057_V00_LOC.IMG  1887  2128  2712     1  2706  9282 11782      748828  Sat Sep 19 13:17:36 2009
M3G20090730T074602_V00_LOC.IMG  1890  1696  2231  3263  3456     1   178       52874  Sat Sep 19 13:18:20 2009
M3G20090730T075553_V00_LOC.IMG  1891  1648  2230     1  3271  8742 11776      909117  Sat Sep 19 13:19:48 2009
M3G20090730T115533_V00_LOC.IMG  1895  1241  1811  2389  3469     1  1006      301072  Sat Sep 19 13:22:12 2009
M3G20090730T121311_V00_LOC.IMG  1896  1149  1779     4  2406  2067  4264      657721  Sat Sep 19 13:23:26 2009
M3G20090730T161742_V00_LOC.IMG  1900   651  1392    19  3492  3697  6769      919866  Sat Sep 19 13:25:14 2009
M3G20090730T204211_V00_LOC.IMG  1904   168   974   193  3524     1  2022      606040  Sat Sep 19 13:29:40 2009
M3G20090730T204829_V00_LOC.IMG  1905   155   730    44   233   156   280       35736  Sat Sep 19 13:29:46 2009
M3G20090731T005012_V00_LOC.IMG  1909     2   559    80  3535 13988 17191      404154  Sat Sep 19 13:33:44 2009
