M3G20090607T073505_V00_LOC.IMG  1507  2644  3627     2  1932   705  2733      126531  Fri Sep 18 22:49:55 2009
M3G20090607T153144_V00_LOC.IMG  1513  2468  4110     2  3321  1911  5349      565140  Fri Sep 18 22:54:42 2009
M3G20090608T000122_V00_LOC.IMG  1519  2274  4030     3  3443  1618  5063     1014114  Fri Sep 18 23:05:12 2009
M3G20090608T083142_V00_LOC.IMG  1524  2102  3623    56  3527  1629  5071     1013586  Fri Sep 18 23:13:49 2009
M3G20090609T060742_V00_LOC.IMG  1529  1750  2637   131  3607  1672  5088     1010565  Fri Sep 18 23:20:20 2009
M3G20090609T183254_V00_LOC.IMG  1534  1382  2122    88  3607  1583  4994     1008830  Fri Sep 18 23:26:25 2009
M3G20090610T032955_V00_LOC.IMG  1541   956  1940    40  3586  1585  4991     1007683  Fri Sep 18 23:34:54 2009
M3G20090610T113334_V00_LOC.IMG  1545   535  1760     2  3533  1615  5003     1002637  Fri Sep 18 23:40:09 2009
M3G20090610T200344_V00_LOC.IMG  1552   124  1585     2  3449  1662  5022      891499  Fri Sep 18 23:47:22 2009
M3G20090611T043527_V00_LOC.IMG  1558     2  1418     1  3336  1670  5031      431555  Fri Sep 18 23:57:48 2009
M3G20090722T022534_V00_LOC.IMG  1850     2  1739     2  3434  2228  5688      924066  Sat Sep 19 12:38:23 2009
