M3G20090520T065048_V00_LOC.IMG  1402   705  1322     1  3447 11802 15149     1001367  Fri Sep 18 20:07:15 2009
M3G20090520T111838_V00_LOC.IMG  1404   211   827     1  3447 19155 22500     1000960  Fri Sep 18 20:12:03 2009
M3G20090615T102602_V00_LOC.IMG  1606  4017  4254     1  3447  4976  8307      378661  Sat Sep 19 01:12:57 2009
M3G20090615T185632_V00_LOC.IMG  1611  3024  3625     1  3447 12419 15750      996711  Sat Sep 19 01:18:40 2009
M3G20090615T232402_V00_LOC.IMG  1613  2529  3128     1  3447 19115 22445      996330  Sat Sep 19 01:22:25 2009
M3G20090616T032653_V00_LOC.IMG  1615  2033  2631     1  3447 12449 15777      995973  Sat Sep 19 01:24:42 2009
M3G20090616T075432_V00_LOC.IMG  1617  1538  2135     1  3447 13889 17204      992022  Sat Sep 19 01:27:49 2009
M3G20090616T115723_V00_LOC.IMG  1620  1045  1641     1  3447  7214 10529      991969  Sat Sep 19 01:30:33 2009
M3G20090617T005342_V00_LOC.IMG  1623     1   158     1  3447 18408 21727      258636  Sat Sep 19 01:36:31 2009
M3G20090712T175144_V00_LOC.IMG  1777  4100  4254     1  3447 10995 14310      240855  Sat Sep 19 10:47:01 2009
M3G20090712T220912_V00_LOC.IMG  1779  3603  4194     1  3447 17712 21029      992577  Sat Sep 19 10:51:31 2009
M3G20090713T021312_V00_LOC.IMG  1781  3105  3696     1  3447 11149 14465      992410  Sat Sep 19 10:53:50 2009
M3G20090713T064052_V00_LOC.IMG  1783  2608  3198     1  3447 17856 20974      932673  Sat Sep 19 10:58:00 2009
M3G20090713T104412_V00_LOC.IMG  1785  2112  2700     1  3447 11086 14296      960204  Sat Sep 19 11:00:23 2009
M3G20090713T151202_V00_LOC.IMG  1787  1616  2203     1  3447 17714 21027      991346  Sat Sep 19 11:04:21 2009
M3G20090713T192732_V00_LOC.IMG  1789  1121  1706     1  3447 17654 20966      991018  Sat Sep 19 11:07:05 2009
M3G20090713T233042_V00_LOC.IMG  1791   627  1209     1  3447 10803 14114      990727  Sat Sep 19 11:09:19 2009
M3G20090714T035832_V00_LOC.IMG  1793   133   713     1  3447  4783  7715      877045  Sat Sep 19 11:14:16 2009
M3G20090714T080142_V00_LOC.IMG  1795     1   219     1  3447 10667 13974      372447  Sat Sep 19 11:19:00 2009
