M3G20090604T064302_V00_LOC.IMG  1474  3588  4322    86  3551 25117 28417      622647  Fri Sep 18 22:06:14 2009
M3G20090604T104552_V00_LOC.IMG  1476  3242  4100    51  3538 18396 21697      988649  Fri Sep 18 22:08:50 2009
M3G20090604T151322_V00_LOC.IMG  1478  2895  3678    25  3506 24346 27648      988886  Fri Sep 18 22:14:18 2009
M3G20090604T191631_V00_LOC.IMG  1481  2549  3256     9  3482 12200 15502      989190  Fri Sep 18 22:17:09 2009
M3G20090604T234352_V00_LOC.IMG  1484  2203  2834     2  3465 25078 28367      985027  Fri Sep 18 22:22:48 2009
M3G20090605T034701_V00_LOC.IMG  1486  1938  2520  2994  3456     1   429      128013  Fri Sep 18 22:23:25 2009
M3G20090605T040250_V00_LOC.IMG  1487  1912  2512     1  3003 18449 21327      861412  Fri Sep 18 22:26:06 2009
M3G20090605T081431_V00_LOC.IMG  1489  1491  2178     2  3462 19491 22800      989929  Fri Sep 18 22:28:14 2009
M3G20090605T163636_V00_LOC.IMG  1493   653  1497    26  3501  4506  7817      990086  Fri Sep 18 22:30:24 2009
M3G20090605T210002_V00_LOC.IMG  1496   236  1158    50  3531  8522 11833      990153  Fri Sep 18 22:34:04 2009
M3G20090606T010302_V00_LOC.IMG  1499     3   820    84  3551 18521 21824      712723  Fri Sep 18 22:38:37 2009
M3G20090606T053022_V00_LOC.IMG  1501   108   483  1077  3551 26232 28604       58576  Fri Sep 18 22:44:04 2009
M3G20090728T214215_V00_LOC.IMG  1859  3633  4323    93  3552 22932 26184      538028  Sat Sep 19 12:52:21 2009
M3G20090729T014312_V00_LOC.IMG  1862  3278  4132   123  3539     1  3190      956338  Sat Sep 19 12:53:39 2009
M3G20090729T020421_V00_LOC.IMG  1863  3605  4138    56   168 13260 13322       17270  Sat Sep 19 12:56:06 2009
M3G20090729T061427_V00_LOC.IMG  1867  2930  3715    29  3506  9910 13177      978260  Sat Sep 19 12:57:59 2009
M3G20090729T101452_V00_LOC.IMG  1871  2583  3291    11  3482  4822  8090      978528  Sat Sep 19 13:01:08 2009
M3G20090729T144242_V00_LOC.IMG  1874  2236  2867     2  3464  1028  4233      959619  Sat Sep 19 13:04:41 2009
M3G20090729T185951_V00_LOC.IMG  1879  1890  2445     2  3455 13881 17085      959542  Sat Sep 19 13:11:12 2009
M3G20090729T231421_V00_LOC.IMG  1882  1490  2097     2  3464  5705  8837      937812  Sat Sep 19 13:12:40 2009
M3G20090730T031812_V00_LOC.IMG  1886  1075  1761    10  3480   706  3911      959843  Sat Sep 19 13:15:14 2009
M3G20090730T074602_V00_LOC.IMG  1890   655  1419    26  3505   173  3377      959836  Sat Sep 19 13:18:32 2009
M3G20090730T115533_V00_LOC.IMG  1895   236  1078    52  3536  1000  4094      926698  Sat Sep 19 13:22:30 2009
M3G20090730T161742_V00_LOC.IMG  1900     3   738    87  3551  6765  9969      627123  Sat Sep 19 13:25:43 2009
M3G20090730T203537_V00_LOC.IMG  1903   327   399  3029  3551  2141  2617        2014  Sat Sep 19 13:28:22 2009
