M3G20090602T074711_V00_LOC.IMG  1452  3825  4323   117  3551 15240 18556      137676  Fri Sep 18 21:34:56 2009
M3G20090602T121452_V00_LOC.IMG  1455  3581  4323    76  2653 12953 15415      598910  Fri Sep 18 21:38:04 2009
M3G20090602T163012_V00_LOC.IMG  1458  3221  4005    44  2598  8571 11002      727934  Fri Sep 18 21:41:30 2009
M3G20090602T203342_V00_LOC.IMG  1461  2794  3586    21  3499 21272 24589      993253  Fri Sep 18 21:45:45 2009
M3G20090603T010112_V00_LOC.IMG  1463  2520  3177     7  2226 24985 27111      636706  Fri Sep 18 21:49:00 2009
M3G20090603T050442_V00_LOC.IMG  1465  2122  2757     2  3461 21486 24798      992244  Fri Sep 18 21:51:41 2009
M3G20090603T134223_V00_LOC.IMG  1466  1350  2021     3  3469 24271 27578      990595  Fri Sep 18 21:55:53 2009
M3G20090603T174502_V00_LOC.IMG  1469   930  1675    14  3488 18393 21698      989822  Fri Sep 18 21:58:17 2009
M3G20090603T221232_V00_LOC.IMG  1471   509  1329    32  3514 15001 18303      989158  Fri Sep 18 22:01:05 2009
M3G20090604T064302_V00_LOC.IMG  1474     1   607   101  3551 25117 28417      365883  Fri Sep 18 22:06:33 2009
M3G20090728T130752_V00_LOC.IMG  1852   561  1316    31  3513 21865 25134      978582  Sat Sep 19 12:44:42 2009
M3G20090728T171132_V00_LOC.IMG  1855   139   969    60  3548  5104  8370      978087  Sat Sep 19 12:46:25 2009
M3G20090728T214215_V00_LOC.IMG  1859     2   622    97  3552 22929 26184      436531  Sat Sep 19 12:52:41 2009
