M3G20090529T183825_V00_LOC.IMG  1421  4223  4322   119  1027 18806 19699        8428  Fri Sep 18 20:43:32 2009
M3G20090529T230608_V00_LOC.IMG  1423  3681  4322    77  3551 26204 29564      600714  Fri Sep 18 20:49:11 2009
M3G20090530T030925_V00_LOC.IMG  1425  3254  3968    40  3543 18889 22257     1001612  Fri Sep 18 20:51:58 2009
M3G20090530T073724_V00_LOC.IMG  1427  2901  3545    18  3510 26437 29804     1001635  Fri Sep 18 20:56:27 2009
M3G20090530T160828_V00_LOC.IMG  1429  2102  2810     1  3465 26491 29857     1001605  Fri Sep 18 20:59:26 2009
M3G20090530T201123_V00_LOC.IMG  1431  1679  2459     1  3455 18994 22359     1001533  Fri Sep 18 21:01:39 2009
M3G20090531T132341_V00_LOC.IMG  1433    24   772   285  3551     1  3135      631154  Fri Sep 18 21:03:25 2009
M3G20090531T133050_V00_LOC.IMG  1434     1   429    81   316  6447  6645       40338  Fri Sep 18 21:04:23 2009
M3G20090531T172712_V00_LOC.IMG  1437   121   424  1197  3551 20256 22528       21338  Fri Sep 18 21:09:39 2009
M3G20090626T142653_V00_LOC.IMG  1692  2387  3252     8  3473 24428 27765      993198  Sat Sep 19 03:06:33 2009
M3G20090626T142733_V00_LOC.IMG  1693  2387  3252     8  3473 24100 27415      986598  Sat Sep 19 03:09:43 2009
M3G20090626T182943_V00_LOC.IMG  1695  2032  2825     2  3459  4619  7883      970974  Sat Sep 19 03:11:04 2009
M3G20090627T031213_V00_LOC.IMG  1701  1625  2248     1  3460 23058 26372      992652  Sat Sep 19 03:16:23 2009
M3G20090627T071503_V00_LOC.IMG  1703  1201  1896     6  3475 16153 19467      992562  Sat Sep 19 03:18:34 2009
M3G20090627T114223_V00_LOC.IMG  1705   778  1545    19  3498 22806 26120      992371  Sat Sep 19 03:22:31 2009
M3G20090627T154523_V00_LOC.IMG  1707   356  1194    42  3528 12842 16155      992125  Sat Sep 19 03:25:36 2009
M3G20090627T201242_V00_LOC.IMG  1710     1   845    73  3551 22140 25430      828180  Sat Sep 19 03:31:36 2009
