M3G20090520T111838_V00_LOC.IMG  1404  3949  4143  1294  1988 30183 30874        4829  Fri Sep 18 20:12:36 2009
M3G20090617T005342_V00_LOC.IMG  1623  3571  4391   176  2100 28351 30155      367126  Sat Sep 19 01:38:04 2009
M3G20090617T045633_V00_LOC.IMG  1625  3008  4244   117  3613 21583 24906      995450  Sat Sep 19 01:41:10 2009
M3G20090617T092403_V00_LOC.IMG  1627  3045  3913    70  1993 22143 23840      508014  Sat Sep 19 01:44:29 2009
M3G20090617T132653_V00_LOC.IMG  1630  2588  3581    35  3530 21613 24936      995939  Sat Sep 19 01:47:41 2009
M3G20090617T175422_V00_LOC.IMG  1632  2512  3247    13  1867 28331 30059      517543  Sat Sep 19 01:51:24 2009
M3G20090617T215703_V00_LOC.IMG  1634  2167  2912     3  3477 15310 18634      996142  Sat Sep 19 01:53:14 2009
M3G20090618T063933_V00_LOC.IMG  1637  1655  2293     1  1888 28264 30048      534507  Sat Sep 19 01:58:50 2009
M3G20090618T104223_V00_LOC.IMG  1639  1321  2124     6  3487 14371 17659      985296  Sat Sep 19 02:01:44 2009
M3G20090714T035832_V00_LOC.IMG  1793  3636  4390   259  2962 13266 15689       75137  Sat Sep 19 11:15:54 2009
M3G20090714T080142_V00_LOC.IMG  1795  3248  4390   186  3616 20560 23851      605436  Sat Sep 19 11:20:29 2009
M3G20090714T122932_V00_LOC.IMG  1797  3143  4279   125  3106 26986 29770      834027  Sat Sep 19 11:26:23 2009
M3G20090714T163242_V00_LOC.IMG  1799  2829  3948    76  3572 20509 23815      990497  Sat Sep 19 11:28:37 2009
M3G20090714T210032_V00_LOC.IMG  1801  2667  3615    40  3151 27125 30054      877815  Sat Sep 19 11:32:33 2009
M3G20090811T012112_V00_LOC.IMG  1916  2909  3887    70  2846  2319  4906      774918  Sat Sep 19 13:41:46 2009
M3G20090811T053041_V00_LOC.IMG  1919  2584  3553    35  3526 20608 23902      986765  Sat Sep 19 13:47:06 2009
M3G20090811T095313_V00_LOC.IMG  1921  2420  3217    12  2931   680  3412      818804  Sat Sep 19 13:48:04 2009
M3G20090811T135702_V00_LOC.IMG  1925  2161  2880     2  3474 10042 13336      986916  Sat Sep 19 13:51:43 2009
M3G20090812T071513_V00_LOC.IMG  1927   962  1734    26  2183 27761 29735      591429  Sat Sep 19 13:57:27 2009
M3G20090812T111903_V00_LOC.IMG  1929   631  1661    56  3551 20897 24113      963869  Sat Sep 19 14:00:34 2009
M3G20090812T154723_V00_LOC.IMG  1931   303  1244    98  2393 27947 30055      631618  Sat Sep 19 14:05:10 2009
M3G20090812T195416_V00_LOC.IMG  1934     3  1253   151  3616 21159 24448      878528  Sat Sep 19 14:08:03 2009
M3G20090813T001943_V00_LOC.IMG  1936     2   755   215  2429 27942 29964      243423  Sat Sep 19 14:12:38 2009
M3G20090813T042332_V00_LOC.IMG  1938   591   855  2707  3615 23441 24344       11317  Sat Sep 19 14:15:06 2009
