M3G20090604T023806_V00_LOC.IMG  1472  3893  4155     2  1924  1729  3597       20353  Fri Sep 18 22:01:47 2009
M3G20090604T064302_V00_LOC.IMG  1474  3540  4324     2  3471  8471 11840      650880  Fri Sep 18 22:04:48 2009
M3G20090604T104552_V00_LOC.IMG  1476  3186  4100    14  3505  1751  5119     1006958  Fri Sep 18 22:07:43 2009
M3G20090604T151322_V00_LOC.IMG  1478  2832  3671    47  3530  7700 11068     1006800  Fri Sep 18 22:12:25 2009
M3G20090604T195758_V00_LOC.IMG  1482  2476  3242    72  3546  1762  5130     1006703  Fri Sep 18 22:19:08 2009
M3G20090604T234352_V00_LOC.IMG  1484  2058  2774    92  3551  8470 11841     1006616  Fri Sep 18 22:20:59 2009
M3G20090605T040250_V00_LOC.IMG  1487  1700  2343    94  3552  1796  5169     1006710  Fri Sep 18 22:25:04 2009
M3G20090605T081431_V00_LOC.IMG  1489  1309  1981    80  3550  2834  6207     1006878  Fri Sep 18 22:27:08 2009
M3G20090605T170055_V00_LOC.IMG  1494   447  1263    26  3519  1754  5131     1007529  Fri Sep 18 22:32:10 2009
M3G20090605T212253_V00_LOC.IMG  1497    17   906     2  3490  8638 11933      908291  Fri Sep 18 22:35:56 2009
M3G20090606T010302_V00_LOC.IMG  1499     1   548     2  3450  1855  5220      282857  Fri Sep 18 22:37:14 2009
M3G20090728T214215_V00_LOC.IMG  1859  3651  4323     2  3460  6582  9924      457498  Sat Sep 19 12:50:38 2009
M3G20090729T020421_V00_LOC.IMG  1863  3617  4218  3370  3496     1    85       24264  Sat Sep 19 12:55:16 2009
M3G20090729T022657_V00_LOC.IMG  1864  3305  4212     2  3418  1376  4656      980626  Sat Sep 19 12:56:44 2009
M3G20090729T063709_V00_LOC.IMG  1868  2950  3789    37  3524  6645 10013     1006237  Sat Sep 19 12:59:21 2009
M3G20090729T104424_V00_LOC.IMG  1872  2593  3358    65  3542  1216  4584     1006128  Sat Sep 19 13:02:53 2009
M3G20090729T145353_V00_LOC.IMG  1875  2315  2927  2896  3551     1   625      186375  Sat Sep 19 13:05:04 2009
M3G20090729T151532_V00_LOC.IMG  1876  2236  2916    85  2911  7591 10265      799306  Sat Sep 19 13:07:53 2009
M3G20090729T185951_V00_LOC.IMG  1879  1893  2500  2365  3552     1  1142      341323  Sat Sep 19 13:09:54 2009
M3G20090729T193219_V00_LOC.IMG  1880  1877  2522    96  2373  1106  3203      626323  Sat Sep 19 13:11:46 2009
M3G20090729T233354_V00_LOC.IMG  1883  1464  2163    88  3551  7068 10368      986118  Sat Sep 19 13:13:59 2009
M3G20090730T040120_V00_LOC.IMG  1888  1031  1800    69  3544  1179  4479      986427  Sat Sep 19 13:18:09 2009
M3G20090730T081634_V00_LOC.IMG  1892   598  1441    42  3527  7799 11101      987006  Sat Sep 19 13:21:17 2009
M3G20090730T122229_V00_LOC.IMG  1898   167  1082     8  3501  1038  4340      986936  Sat Sep 19 13:23:55 2009
M3G20090730T163918_V00_LOC.IMG  1901     3   724     1  3465  3508  6727      521238  Sat Sep 19 13:27:03 2009
