M3G20090617T005342_V00_LOC.IMG  1623  3519  4246    63  3535 21723 25041      725004  Sat Sep 19 01:36:52 2009
M3G20090617T045633_V00_LOC.IMG  1625  3105  3913    32  3513 14957 18275      993437  Sat Sep 19 01:40:39 2009
M3G20090617T092403_V00_LOC.IMG  1627  2690  3423    12  3484 15550 18846      986666  Sat Sep 19 01:44:02 2009
M3G20090617T132653_V00_LOC.IMG  1630  2276  2933     2  3464 14987 18304      993160  Sat Sep 19 01:47:09 2009
M3G20090617T175422_V00_LOC.IMG  1632  1854  2444     1  3453 21705 25022      993084  Sat Sep 19 01:51:02 2009
M3G20090617T215703_V00_LOC.IMG  1634  1366  2018     1  3463  8684 12001      993024  Sat Sep 19 01:52:44 2009
M3G20090618T063933_V00_LOC.IMG  1637   397  1199    30  3509 21641 24956      992578  Sat Sep 19 01:58:14 2009
M3G20090618T104223_V00_LOC.IMG  1639     3   787    60  3535  7930 11149      807825  Sat Sep 19 02:01:07 2009
M3G20090714T080142_V00_LOC.IMG  1795  3582  4247    70  3534 13969 17268      618082  Sat Sep 19 11:19:20 2009
M3G20090714T122932_V00_LOC.IMG  1797  3167  3973    36  3517 20429 23719      984981  Sat Sep 19 11:25:43 2009
M3G20090714T163242_V00_LOC.IMG  1799  2751  3482    14  3487 13919 17219      988098  Sat Sep 19 11:28:09 2009
M3G20090714T210032_V00_LOC.IMG  1801  2336  2992     2  3466 20534 23834      987999  Sat Sep 19 11:32:08 2009
M3G20090811T013030_V00_LOC.IMG  1917  2690  3401    12  3482 15980 19267      984261  Sat Sep 19 13:44:14 2009
M3G20090811T053041_V00_LOC.IMG  1919  2274  2910     2  3464 14044 17332      984208  Sat Sep 19 13:46:37 2009
M3G20090811T100003_V00_LOC.IMG  1922  1850  2418     1  3453  1561  4848      984117  Sat Sep 19 13:48:29 2009
M3G20090811T135702_V00_LOC.IMG  1925  1360  1988     2  3463  3479  6766      984044  Sat Sep 19 13:51:15 2009
M3G20090812T071513_V00_LOC.IMG  1927   282   328  3104  3534 24064 24480         899  Sat Sep 19 13:56:50 2009
