M3G20090528T083319_V00_LOC.IMG  1406  2159  2895  2371  3615     1  1195      356857  Fri Sep 18 20:13:34 2009
M3G20090528T130108_V00_LOC.IMG  1408  1815  2556   153  3616  4566  7993     1019761  Fri Sep 18 20:19:34 2009
M3G20090528T213152_V00_LOC.IMG  1410  1216  2040   112  3610  5170  8594     1019133  Fri Sep 18 20:23:24 2009
M3G20090529T015004_V00_LOC.IMG  1413   535  1260  2552  3562     1   936      276775  Fri Sep 18 20:26:59 2009
M3G20090529T061013_V00_LOC.IMG  1416   207  1232     1  3520  5955  9382      936070  Fri Sep 18 20:30:33 2009
M3G20090529T100749_V00_LOC.IMG  1417     2   766  1756  3466     1  1618      342585  Fri Sep 18 20:32:32 2009
M3G20090529T143509_V00_LOC.IMG  1419     3   825     1  3401  5930  9323      167701  Fri Sep 18 20:37:25 2009
M3G20090623T143347_V00_LOC.IMG  1682  3989  4210  1837  2599     1   762        7191  Sat Sep 19 02:51:58 2009
M3G20090623T182551_V00_LOC.IMG  1684  3233  4391     1  3422  4903  8173      510996  Sat Sep 19 02:53:59 2009
M3G20090624T032004_V00_LOC.IMG  1688  3127  4047  1867  3537     1  1555      464888  Sat Sep 19 02:58:52 2009
M3G20090624T071103_V00_LOC.IMG  1690  2581  3710    77  3575  1933  5345     1016861  Sat Sep 19 03:00:39 2009
M3G20090626T142653_V00_LOC.IMG  1692   585   921     1   936  4329  5289       25616  Sat Sep 19 03:04:17 2009
M3G20090626T142733_V00_LOC.IMG  1693   585   921     1   936  4307  5194       24265  Sat Sep 19 03:08:12 2009
M3G20090720T214000_V00_LOC.IMG  1848  3979  4169  1781  2429     1   651        5539  Sat Sep 19 12:33:13 2009
M3G20090722T021504_V00_LOC.IMG  1849  2054  2744   144   961  5403  6200      233785  Sat Sep 19 12:36:58 2009
