M3G20090609T183254_V00_LOC.IMG  1534  3641  4323    87  3551 25071 28418      545902  Fri Sep 18 23:28:43 2009
M3G20090609T224831_V00_LOC.IMG  1537  3299  4146    51  3549  2438  5791     1002189  Fri Sep 18 23:30:58 2009
M3G20090609T234332_V00_LOC.IMG  1540  2956  3732    27  3515 10460 13815     1002990  Fri Sep 18 23:33:43 2009
M3G20090610T070604_V00_LOC.IMG  1543  2611  3315    10  3489 18306 21663     1003752  Fri Sep 18 23:37:42 2009
M3G20090610T113334_V00_LOC.IMG  1545  2264  2896     2  3468 25096 28455     1004346  Fri Sep 18 23:42:51 2009
M3G20090610T154042_V00_LOC.IMG  1548  1873  2542     2  3457  9137 12497     1004741  Fri Sep 18 23:44:37 2009
M3G20090610T200344_V00_LOC.IMG  1552  1449  2194     2  3464 25117 28479     1005012  Fri Sep 18 23:50:30 2009
M3G20090611T001830_V00_LOC.IMG  1555  1024  1843    10  3480 17950 21278      995171  Fri Sep 18 23:56:03 2009
M3G20090611T043527_V00_LOC.IMG  1558   600  1491    26  3505 25126 28487     1004986  Sat Sep 19 00:00:03 2009
M3G20090611T083653_V00_LOC.IMG  1560   175  1139    51  3538  2436  5796     1004745  Sat Sep 19 00:00:55 2009
M3G20090722T022534_V00_LOC.IMG  1850   630  1400    25  3509 25976 29307      995331  Sat Sep 19 12:41:09 2009
