M3G20090603T050442_V00_LOC.IMG  1465  3924  3944     1   183  8169  8349         241  Fri Sep 18 21:50:31 2009
M3G20090603T134223_V00_LOC.IMG  1466  3072  3909    23  3505 10968 14321     1002901  Fri Sep 18 21:54:32 2009
M3G20090603T174502_V00_LOC.IMG  1469  2645  3408    53  3525  5096  8449     1002741  Fri Sep 18 21:57:24 2009
M3G20090603T221232_V00_LOC.IMG  1471  2217  2906    73  3535  1710  5063     1002626  Fri Sep 18 22:00:13 2009
M3G20090604T023806_V00_LOC.IMG  1472  1788  2401    82  3535  5086  8438     1002525  Fri Sep 18 22:02:13 2009
M3G20090604T064302_V00_LOC.IMG  1474  1284  1968    71  3534 11829 15181     1002459  Fri Sep 18 22:05:12 2009
M3G20090604T104552_V00_LOC.IMG  1476   780  1538    49  3523  5109  8460     1002401  Fri Sep 18 22:07:57 2009
M3G20090604T151322_V00_LOC.IMG  1478   277  1108    18  3501 11058 14409     1002353  Fri Sep 18 22:12:48 2009
M3G20090604T191631_V00_LOC.IMG  1481     3   581  1098  3469     1  2261      418362  Fri Sep 18 22:15:31 2009
M3G20090604T195758_V00_LOC.IMG  1482   221   679     2  1137  5120  6209      195158  Fri Sep 18 22:19:18 2009
M3G20090728T130752_V00_LOC.IMG  1852  2345  3018    68  3533  8675 12015      998454  Sat Sep 19 12:43:14 2009
M3G20090728T174122_V00_LOC.IMG  1856  1915  2513    81  3535  4756  8022      976437  Sat Sep 19 12:48:28 2009
M3G20090728T214215_V00_LOC.IMG  1859  1410  2082    75  3535  9912 13158      971246  Sat Sep 19 12:51:07 2009
M3G20090729T020421_V00_LOC.IMG  1863   909  1657    56  3527    72  3412      998370  Sat Sep 19 12:55:29 2009
M3G20090729T061427_V00_LOC.IMG  1867   404  1003  3415  3508     1    61       17439  Sat Sep 19 12:57:11 2009
M3G20090729T063709_V00_LOC.IMG  1868   408  1226    28  3452 10001 13278      980561  Sat Sep 19 12:59:35 2009
M3G20090729T104424_V00_LOC.IMG  1872     3   795     2  3477  4572  7911      813949  Sat Sep 19 13:03:21 2009
M3G20090729T145353_V00_LOC.IMG  1875    85   364     1  2545   613  3045       25278  Sat Sep 19 13:05:22 2009
