M3G20090622T124051_V00_LOC.IMG  1669  3648  4322    89  3552 22074 25306      526099  Sat Sep 19 02:39:17 2009
M3G20090623T012541_V00_LOC.IMG  1671  2601  3285    10  3485 24989 28306      992311  Sat Sep 19 02:43:34 2009
M3G20090623T052831_V00_LOC.IMG  1673  2251  2859     2  3466 15081 18397      992133  Sat Sep 19 02:45:26 2009
M3G20090623T095551_V00_LOC.IMG  1676  1865  2487     2  3456 16527 19842      991971  Sat Sep 19 02:48:28 2009
M3G20090623T135841_V00_LOC.IMG  1680  1440  2138     2  3464  3300  6520      963395  Sat Sep 19 02:50:33 2009
M3G20090623T182551_V00_LOC.IMG  1684  1016  1789    10  3481 24523 27838      991826  Sat Sep 19 02:56:08 2009
M3G20090624T024856_V00_LOC.IMG  1687   172  1093    55  3538  8972 12287      991681  Sat Sep 19 02:57:55 2009
M3G20090624T071103_V00_LOC.IMG  1690     2   746    90  3551 22079 25387      588390  Sat Sep 19 03:02:33 2009
M3G20090719T200620_V00_LOC.IMG  1837  3702  4324    94  3551  2230  5531      451715  Sat Sep 19 12:16:37 2009
M3G20090720T003411_V00_LOC.IMG  1840  3338  4164    56  3549 24991 28293      987926  Sat Sep 19 12:22:01 2009
M3G20090720T043741_V00_LOC.IMG  1842  2987  3738    29  3514 18253 21554      987789  Sat Sep 19 12:24:10 2009
M3G20090720T090521_V00_LOC.IMG  1844  2636  3311    11  3487 24976 28277      987664  Sat Sep 19 12:29:26 2009
M3G20090720T173631_V00_LOC.IMG  1846  1901  2509     2  3456 24974 28275      987386  Sat Sep 19 12:32:28 2009
M3G20090720T214000_V00_LOC.IMG  1848  1476  2159     2  3463 18248 21548      987285  Sat Sep 19 12:34:41 2009
M3G20090816T045833_V00_LOC.IMG  1972  3603  4324    83  3551  3807  7095      645512  Sat Sep 19 14:57:19 2009
