M3G20090613T200943_V00_LOC.IMG  1588  4239  4254     1   836 11908 12727        3306  Sat Sep 19 00:44:09 2009
M3G20090614T003642_V00_LOC.IMG  1590  3744  4254     1  3447 18814 22157      842113  Sat Sep 19 00:49:37 2009
M3G20090614T045922_V00_LOC.IMG  1593  3245  3856     1  3447 12033 15219      953324  Sat Sep 19 00:55:06 2009
M3G20090614T090712_V00_LOC.IMG  1595  2747  3357     1  3447 18753 22095     1000100  Sat Sep 19 00:58:12 2009
M3G20090614T131003_V00_LOC.IMG  1597  2249  2858     1  3447  5768  9109      999700  Sat Sep 19 01:00:01 2009
M3G20090614T173733_V00_LOC.IMG  1600  1752  2360  1036  3447     1  2318      694692  Sat Sep 19 01:03:19 2009
M3G20090614T175501_V00_LOC.IMG  1601  1766  2356     1  1044 18460 19480      304264  Sat Sep 19 01:07:18 2009
M3G20090615T062313_V00_LOC.IMG  1603   261   865     1  3447  3848  7161      991369  Sat Sep 19 01:08:17 2009
M3G20090615T102602_V00_LOC.IMG  1606     1   368     1  3447  4974  8308      618886  Sat Sep 19 01:12:40 2009
M3G20090712T050712_V00_LOC.IMG  1766  1341  1934     1  3447  6568  9880      990897  Sat Sep 19 10:31:20 2009
M3G20090712T093119_V00_LOC.IMG  1770   843  1436     1  3447 10957 14278      993762  Sat Sep 19 10:39:17 2009
M3G20090712T133812_V00_LOC.IMG  1772   345   938     1  3447  6734 10054      993395  Sat Sep 19 10:41:03 2009
M3G20090712T175144_V00_LOC.IMG  1777     1   440     1  3447 10992 14311      752132  Sat Sep 19 10:46:45 2009
