M3G20090520T065048_V00_LOC.IMG  1402  1475  2218     1  3498 25160 28524     1003850  Fri Sep 18 20:08:51 2009
M3G20090603T174201_V00_LOC.IMG  1468  1289  1875  3432  3574     1    27        2441  Fri Sep 18 21:56:27 2009
M3G20090603T215712_V00_LOC.IMG  1470  1185  1777  3387  3606     1    79       18226  Fri Sep 18 21:59:36 2009
M3G20090604T062742_V00_LOC.IMG  1473  1174  1613  3391  3607     1   101       17307  Fri Sep 18 22:02:57 2009
M3G20090604T104302_V00_LOC.IMG  1475  1198  1518  3472  3606     1    42        3652  Fri Sep 18 22:07:02 2009
M3G20090604T145812_V00_LOC.IMG  1477  1184  1424  3460  3607     1    77        7162  Fri Sep 18 22:10:24 2009
M3G20090604T191332_V00_LOC.IMG  1480  1219  1330  3547  3601     1    18         492  Fri Sep 18 22:14:53 2009
M3G20090604T232842_V00_LOC.IMG  1483  1185  1236  3542  3606     1    55         859  Fri Sep 18 22:19:24 2009
M3G20090614T043933_V00_LOC.IMG  1592  2831  3155  2950  3606  8983  9647       13739  Sat Sep 19 00:52:40 2009
M3G20090614T131003_V00_LOC.IMG  1597  2648  4111   325  3607 19066 22406      335492  Sat Sep 19 01:01:46 2009
M3G20090615T102602_V00_LOC.IMG  1606  2183  3485    65  3564 18207 21556      998891  Sat Sep 19 01:14:51 2009
M3G20090615T185632_V00_LOC.IMG  1611  2001  3057    16  3516 25705 29053      998464  Sat Sep 19 01:19:35 2009
M3G20090616T032653_V00_LOC.IMG  1615  1822  2626     1  3481 25725 29072      997978  Sat Sep 19 01:25:41 2009
M3G20090616T115723_V00_LOC.IMG  1620  1621  2258     1  3486 20231 23501      975604  Sat Sep 19 01:31:44 2009
M3G20090617T045633_V00_LOC.IMG  1625   782  1921    43  3566 24902 28245      998190  Sat Sep 19 01:41:35 2009
M3G20090617T132653_V00_LOC.IMG  1630   373  1756   109  3606 24934 28273      995702  Sat Sep 19 01:48:10 2009
M3G20090617T215703_V00_LOC.IMG  1634     2  1591   203  3605 18632 21969      805375  Sat Sep 19 01:53:55 2009
M3G20090618T104223_V00_LOC.IMG  1639   391  1355  1420  3606 18741 20983       87224  Sat Sep 19 02:02:20 2009
M3G20090712T091032_V00_LOC.IMG  1769  2380  3929   152  3606  5952  9204      959921  Sat Sep 19 10:36:34 2009
M3G20090712T174132_V00_LOC.IMG  1776  2195  3417   475  3564     1  2926      872877  Sat Sep 19 10:43:55 2009
M3G20090712T175144_V00_LOC.IMG  1777  2863  3507    69   593 24220 24629      121509  Sat Sep 19 10:48:28 2009
M3G20090713T021312_V00_LOC.IMG  1781  2013  3079    19  3516 24369 27705      994360  Sat Sep 19 10:54:55 2009
M3G20090713T104412_V00_LOC.IMG  1785  1834  2646     1  3482 24025 27358      993878  Sat Sep 19 11:01:30 2009
M3G20090713T233042_V00_LOC.IMG  1791  1441  2174     1  3500 24003 27332      993237  Sat Sep 19 11:10:24 2009
M3G20090714T080142_V00_LOC.IMG  1795  1020  2006    20  3539 23847 27174      993148  Sat Sep 19 11:21:14 2009
M3G20090714T163242_V00_LOC.IMG  1799   606  1840    70  3589 23812 27141      994338  Sat Sep 19 11:29:01 2009
M3G20090728T125252_V00_LOC.IMG  1851  1253  1874  3203  3570     1   231       64899  Sat Sep 19 12:41:27 2009
M3G20090728T170832_V00_LOC.IMG  1854  1108  1729  3051  3444     1   232       69600  Sat Sep 19 12:45:43 2009
M3G20090728T212422_V00_LOC.IMG  1857  1054  1618  3045  3438     1   233       61910  Sat Sep 19 12:48:56 2009
M3G20090729T014012_V00_LOC.IMG  1861  1048  1516  3041  3417     1   228       49099  Sat Sep 19 12:53:18 2009
M3G20090729T055602_V00_LOC.IMG  1865  1036  1402  3039  3393     1   232       36463  Sat Sep 19 12:56:51 2009
M3G20090729T101152_V00_LOC.IMG  1870  1026  1287  3047  3362     1   233       22695  Sat Sep 19 13:00:03 2009
M3G20090729T142742_V00_LOC.IMG  1873  1010  1170  3060  3323     1   228        8330  Sat Sep 19 13:04:20 2009
M3G20090811T053041_V00_LOC.IMG  1919   369  1711   113  3508 23898 27116      962376  Sat Sep 19 13:47:34 2009
M3G20090811T135702_V00_LOC.IMG  1925     2  1568   210  3606 13333 16643      782246  Sat Sep 19 13:52:25 2009
