M3G20090612T101600_V00_LOC.IMG  1569  3803  4254    43  3447  6611  9885      567337  Sat Sep 19 00:14:35 2009
M3G20090612T143522_V00_LOC.IMG  1571  3304  4101     1  3447 12875 16257     1005674  Sat Sep 19 00:19:50 2009
M3G20090612T183813_V00_LOC.IMG  1573  2809  3602     1  3447  5552  8933     1005345  Sat Sep 19 00:22:30 2009
M3G20090612T230542_V00_LOC.IMG  1575  2314  3103     1  3447 11780 15159     1004972  Sat Sep 19 00:26:55 2009
M3G20090613T032520_V00_LOC.IMG  1578  1891  2573     1  3447  8343 11683      997568  Sat Sep 19 00:30:56 2009
M3G20090613T073612_V00_LOC.IMG  1580  1396  2075     1  3447 15193 18555     1003861  Sat Sep 19 00:34:09 2009
M3G20090613T120320_V00_LOC.IMG  1583   901  1577     1  3447  8605 11965     1003567  Sat Sep 19 00:38:41 2009
M3G20090613T161036_V00_LOC.IMG  1586   406  1078     1  3447 15366 18724     1003274  Sat Sep 19 00:41:19 2009
M3G20090613T200943_V00_LOC.IMG  1588     1   580     1  3447  8570 11921      920738  Sat Sep 19 00:44:03 2009
M3G20090614T003642_V00_LOC.IMG  1590     1   111     1  3447 15471 18817      163461  Sat Sep 19 00:49:16 2009
