350	119.48
351	107.69
352	105.34
353	104.93
354	116.57
355	117.84
356	112.35
357	89.178
358	84.1
359	88.994
360	118.53
361	97.788
362	102.17
363	112.28
364	111.38
365	109.39
366	138.77
367	126.69
368	119.91
369	118.92
370	128.77
371	113.68
372	113.58
373	104.75
374	89.99
375	87.182
376	111.48
377	117.31
378	151.05
379	117.81
380	109.8
381	122.6
382	90.279
383	69.17
384	73.238
385	101.23
386	86.518
387	95.477
388	90.789
389	104.05
390	130.11
391	141.04
392	128.23
393	69.206
394	75.283
395	129.02
396	120.84
397	62.745
398	139.29
399	170.08
400	172.03
401	174.62
402	175.6
403	171.45
404	172.42
405	165.83
406	167.26
407	158.29
408	167.22
409	185.94
410	161.91
411	179.24
412	189.43
413	175.03
414	176.56
415	179.35
416	186.53
417	177.47
418	172.31
419	171.41
420	156.11
421	180.23
422	173.93
423	156.72
424	163.87
425	163.95
426	163.88
427	156.78
428	154.24
429	142.41
430	115.3
431	107.21
432	171.33
433	167.2
434	158.06
435	166.01
436	182.4
437	181.82
438	168.39
439	160.83
440	174.84
441	178.95
442	190.8
443	187.85
444	189.71
445	190.67
446	178.45
447	196.09
448	201.22
449	198.56
450	207.7
451	219.03
452	206.1
453	189.36
454	201.26
455	202.34
456	209.03
457	211.56
458	204.23
459	204.22
460	203.09
461	208.88
462	204.32
463	204.86
464	203.94
465	202.34
466	208.04
467	202.29
468	209.97
469	209
470	206.33
471	202.32
472	210.86
473	205.57
474	205.86
475	213.02
476	209.89
477	208.72
478	215.62
479	206.26
480	208.6
481	207.54
482	211.56
483	210.39
484	203.18
485	199.32
486	171.21
487	182.34
488	197.28
489	191.08
490	207.68
491	197.43
492	187.21
493	202.33
494	198.42
495	208.7
496	202.55
497	199.78
498	192.05
499	192.65
500	191.02
501	186.79
502	187.73
503	194.27
504	186.12
505	195.85
506	206.29
507	197.82
508	189.81
509	198.66
510	195.42
511	196.05
512	200.79
513	189
514	185.87
515	185.32
516	190.97
517	155.02
518	170.16
519	171.53
520	182.98
521	185.9
522	191.52
523	182.8
524	193.71
525	192.89
526	182.83
527	165.2
528	189.27
529	197.61
530	189.87
531	200.63
532	192.81
533	175.62
534	182.47
535	190.57
536	197.83
537	187.55
538	194.61
539	191.73
540	183.79
541	178.63
542	190.47
543	186.27
544	193.07
545	191.32
546	190.79
547	191.8
548	184.29
549	187.25
550	187.52
551	186.68
552	190.95
553	185.94
554	191.16
555	190.91
556	187.53
557	183.59
558	185.77
559	178.58
560	182.64
561	191.29
562	182.41
563	189.23
564	187.48
565	187.78
566	176.72
567	185.26
568	187.79
569	184.96
570	185.63
571	179.57
572	188.46
573	191.69
574	189.95
575	185.51
576	184.92
577	187.73
578	184.18
579	182.84
580	186.41
581	184.78
582	187.01
583	187.88
584	186.99
585	184.79
586	179.2
587	183.98
588	183.79
589	167.73
590	172.14
591	181.52
592	181.11
593	179.66
594	182.4
595	180.61
596	181.35
597	182.52
598	179.16
599	179.5
600	178.7
601	175.84
602	174.98
603	176.15
604	180.64
605	180.15
606	178.15
607	177.57
608	176.24
609	174.7
610	173.42
611	172.61
612	172.43
613	168.25
614	164.2
615	169.24
616	163.65
617	162.7
618	170.72
619	169.94
620	171.13
621	172.63
622	167.56
623	167.26
624	164.4
625	162.87
626	163.35
627	167.5
628	169.16
629	169.87
630	165.67
631	166.6
632	160.32
633	166.56
634	162.93
635	164.94
636	161.2
637	164.12
638	166.04
639	164.43
640	161.15
641	161.62
642	159.98
643	162.24
644	160.21
645	161.58
646	158.93
647	158.89
648	161.25
649	159.5
650	152.05
651	160.79
652	159.47
653	160.05
654	158.64
655	154.56
656	135.53
657	137.61
658	154.95
659	155.87
660	155.72
661	156.71
662	158.38
663	156.13
664	154.38
665	155.31
666	155.12
667	154.44
668	154.12
669	155.8
670	153.85
671	153.26
672	151.38
673	153.01
674	153.03
675	151.43
676	152.73
677	150.93
678	151.78
679	150.63
680	149.88
681	149.49
682	149.91
683	149.89
684	148.26
685	148.25
686	144.87
687	148.88
688	148.32
689	148.06
690	148.43
691	147.23
692	145.4
693	145.9
694	146.4
695	144.64
696	145.14
697	145.14
698	142.67
699	145.12
700	143.37
701	141.28
702	139.67
703	141.2
704	141.88
705	143.19
706	141.49
707	139.67
708	141.89
709	139.21
710	141
711	139.84
712	138.37
713	137.45
714	138.85
715	135.1
716	137.09
717	136.13
718	135.22
719	132.08
720	134.81
721	133.5
722	134.85
723	135.14
724	135.99
725	135.16
726	134.72
727	135.42
728	133.79
729	129.14
730	132.86
731	131.56
732	132.72
733	131.27
734	133.63
735	132.7
736	130.75
737	131.87
738	131.46
739	127.06
740	129.14
741	126.83
742	125.36
743	129.06
744	129.31
745	127.15
746	129.22
747	129.21
748	128.26
749	127.71
750	126.49
751	126.46
752	127.11
753	126.44
754	128.1
755	127.4
756	125.38
757	125.64
758	125.48
759	124.57
760	125.46
761	124.69
762	122.05
763	125.1
764	125.68
765	124.91
766	118.49
767	120.16
768	123.47
769	122.68
770	121.34
771	121.37
772	120.5
773	120.53
774	121.65
775	117.33
776	121.4
777	120.96
778	120.33
779	120.6
780	119.38
781	119.17
782	120.06
783	118.34
784	117.77
785	118.49
786	116.98
787	118.61
788	117.39
789	117.86
790	117.24
791	116.23
792	114.49
793	114.56
794	111.83
795	112.75
796	114.82
797	115.3
798	115.06
799	114.94
800	112.73
801	114.04
802	114.02
803	112.35
804	113.02
805	110.43
806	113
807	112.36
808	111.37
809	110.02
810	109.5
811	111.31
812	111.06
813	111.05
814	111.02
815	110.26
816	109.87
817	109.77
818	108.46
819	106.78
820	105.16
821	106.42
822	105.8
823	106.68
824	106.85
825	106.83
826	107.47
827	107.65
828	107.5
829	106.98
830	105.66
831	104.12
832	105.27
833	102.72
834	103.5
835	103.89
836	104.91
837	104.39
838	104.3
839	101.31
840	103.7
841	104.11
842	102.75
843	102.4
844	101.01
845	102.11
846	102.49
847	100.07
848	102.17
849	101.4
850	90.498
851	99.323
852	98.752
853	98.447
854	82.532
855	85.626
856	98.809
857	100.43
858	99.268
859	98.107
860	98.176
861	98.111
862	97.598
863	98.982
864	98.987
865	97.159
866	84.17
867	84.878
868	94.358
869	93.234
870	96.22
871	96.34
872	96.363
873	96.421
874	95.042
875	93.748
876	93.898
877	95.652
878	95.364
879	94.704
880	94.067
881	90.246
882	93.734
883	93.185
884	93.295
885	94.066
886	91.572
887	90.062
888	92.958
889	93.41
890	93.552
891	93.38
892	92.265
893	90.716
894	92.248
895	90.466
896	92.753
897	91.061
898	91.195
899	91.386
900	89.248
901	87.048
902	85.745
903	89.624
904	90.851
905	90.846
906	89.143
907	89.22
908	88.084
909	86.064
910	87.151
911	87.648
912	86.689
913	89.136
914	88.634
915	87.181
916	87.91
917	86.748
918	86.535
919	87.15
920	86.313
921	84.364
922	83.657
923	81.094
924	83.265
925	84.122
926	82.244
927	84.928
928	85.603
929	84.515
930	84.435
931	84.748
932	84.146
933	84.481
934	84.419
935	83.513
936	82.826
937	83.476
938	83.444
939	82.91
940	82.334
941	79.631
942	79.224
943	81.872
944	80.23
945	80.908
946	81.466
947	81.538
948	81.735
949	81.708
950	81.414
951	80.726
952	80.941
953	80.394
954	78.903
955	75.43
956	79.264
957	79.173
958	79.559
959	79.983
960	79.142
961	78.784
962	78.961
963	78.094
964	77.924
965	78.156
966	76.879
967	78.114
968	77.629
969	77.817
970	77.98
971	77.38
972	77.836
973	77.243
974	76.044
975	76.603
976	76.942
977	76.064
978	76.739
979	75.351
980	76.035
981	76.393
982	76.34
983	75.826
984	75.529
985	75.67
986	75.268
987	75.013
988	75.14
989	74.097
990	74.148
991	74.519
992	74.554
993	74.549
994	74.516
995	74.216
996	74.076
997	74.081
998	73.9
999	73.587
1000	73.34
1001	73.571
1002	73.445
1003	72.684
1004	71.764
1005	68.114
1006	70.124
1007	72.065
1008	72.309
1009	72.106
1010	72.162
1011	71.856
1012	71.726
1013	71.491
1014	71.443
1015	70.597
1016	70.658
1017	70.406
1018	70.691
1019	69.392
1020	69.761
1021	70.033
1022	69.12
1023	70.217
1024	70.049
1025	69.921
1026	69.893
1027	69.63
1028	69.682
1029	68.812
1030	69.07
1031	68.957
1032	68.885
1033	67.679
1034	67.953
1035	67.609
1036	68.361
1037	67.522
1038	67.208
1039	67.747
1040	67.095
1041	67.488
1042	67.398
1043	66.744
1044	67.18
1045	66.716
1046	65.399
1047	66.106
1048	66.608
1049	66.478
1050	66.173
1051	66.158
1052	65.873
1053	65.645
1054	65.482
1055	65.746
1056	65.628
1057	65.512
1058	64.647
1059	63.407
1060	64.58
1061	63.619
1062	64.577
1063	63.795
1064	64.515
1065	64.526
1066	63.282
1067	63.431
1068	63.339
1069	60.46
1070	62.031
1071	62.872
1072	62.976
1073	61.424
1074	62.701
1075	61.301
1076	62.263
1077	62.497
1078	62.259
1079	60.686
1080	62.135
1081	60.859
1082	60.079
1083	59.131
1084	61.109
1085	61.263
1086	61.413
1087	58.637
1088	60.108
1089	59.597
1090	60.444
1091	60.643
1092	59.803
1093	58.963
1094	55.066
1095	57.778
1096	58.146
1097	57.925
1098	57.668
1099	58.138
1100	59.06
1101	58.69
1102	57.148
1103	58.455
1104	58.472
1105	58.292
1106	58.232
1107	57.986
1108	58.007
1109	57.949
1110	57.991
1111	57.69
1112	57.183
1113	57.048
1114	57.463
1115	57.199
1116	56.899
1117	57.444
1118	57.128
1119	56.031
1120	56.083
1121	56.388
1122	56.781
1123	56.712
1124	56.616
1125	55.421
1126	54.823
1127	56.049
1128	55.556
1129	55.4
1130	54.931
1131	55.5
1132	55.56
1133	54.871
1134	54.826
1135	55.353
1136	55.05
1137	55.083
1138	53.953
1139	54.11
1140	53.986
1141	53.494
1142	54.133
1143	54.013
1144	53.686
1145	53.908
1146	54.364
1147	54.455
1148	54.115
1149	53.887
1150	53.779
1151	53.746
1152	53.353
1153	53.44
1154	53.716
1155	53.592
1156	53.142
1157	53.281
1158	53.17
1159	52.279
1160	51.895
1161	51.089
1162	51.96
1163	52.488
1164	51.656
1165	52.011
1166	51.436
1167	51.792
1168	52.123
1169	51.011
1170	51.514
1171	51.963
1172	51.908
1173	51.687
1174	51.643
1175	50.502
1176	50.217
1177	51.054
1178	50.332
1179	50.517
1180	51.087
1181	50.75
1182	50.481
1183	48.363
1184	49.692
1185	50.336
1186	50.364
1187	50.32
1188	49.384
1189	47.883
1190	49.442
1191	50.144
1192	49.993
1193	49.822
1194	49.844
1195	49.361
1196	49.147
1197	48.6
1198	47.663
1199	46.718
1200	48.378
1201	49.148
1202	49.101
1203	47.499
1204	47.329
1205	48.577
1206	48.497
1207	48.681
1208	47.115
1209	46.026
1210	47.645
1211	47.094
1212	47.913
1213	48.02
1214	47.928
1215	48.012
1216	47.933
1217	47.835
1218	47.663
1219	47.414
1220	47.478
1221	47.414
1222	47.234
1223	47.002
1224	47.209
1225	47.04
1226	46.997
1227	46.127
1228	46.368
1229	46.811
1230	46.614
1231	46.49
1232	46.186
1233	46.275
1234	46.174
1235	45.995
1236	46.168
1237	46.153
1238	46.096
1239	45.658
1240	45.369
1241	45.754
1242	45.428
1243	44.932
1244	45.015
1245	45.449
1246	45.16
1247	45.032
1248	45.175
1249	45.196
1250	45.054
1251	44.818
1252	44.398
1253	44.509
1254	44.573
1255	44.492
1256	44.312
1257	44.146
1258	44.195
1259	44.049
1260	44.183
1261	44.019
1262	43.622
1263	43.972
1264	43.554
1265	43.471
1266	43.704
1267	43.269
1268	42.924
1269	43.16
1270	43.438
1271	43.433
1272	43.279
1273	43.144
1274	42.863
1275	42.97
1276	43.019
1277	42.937
1278	42.768
1279	42.458
1280	42.087
1281	40.668
1282	37.214
1283	39.447
1284	41.338
1285	41.663
1286	41.765
1287	41.978
1288	41.806
1289	41.818
1290	41.305
1291	41.407
1292	41.661
1293	41.631
1294	41.271
1295	41.512
1296	41.56
1297	41.337
1298	40.996
1299	41.316
1300	41.225
1301	41.03
1302	40.729
1303	40.481
1304	40.386
1305	40.683
1306	40.751
1307	40.661
1308	40.564
1309	40.608
1310	40.411
1311	40.312
1312	39.75
1313	39.143
1314	40.001
1315	39.079
1316	39.16
1317	39.929
1318	39.559
1319	39.915
1320	39.816
1321	39.546
1322	39.527
1323	39.538
1324	39.557
1325	39.458
1326	39.255
1327	39.045
1328	39.057
1329	38.22
1330	38.661
1331	38.9
1332	38.258
1333	38.734
1334	38.941
1335	38.781
1336	38.632
1337	38.656
1338	38.46
1339	37.975
1340	37.94
1341	38.327
1342	38.226
1343	38.206
1344	38.239
1345	38.196
1346	37.902
1347	37.986
1348	37.974
1349	37.809
1350	37.397
1351	37.484
1352	37.738
1353	37.647
1354	37.494
1355	37.074
1356	36.964
1357	36.75
1358	37.143
1359	37.002
1360	36.712
1361	37.085
1362	36.97
1363	36.46
1364	36.707
1365	36.754
1366	36.698
1367	36.41
1368	36.455
1369	36.072
1370	36.048
1371	36.042
1372	36.331
1373	36.404
1374	36.252
1375	35.868
1376	35.563
1377	35.827
1378	35.859
1379	36.053
1380	35.868
1381	35.858
1382	35.479
1383	35.515
1384	35.702
1385	35.473
1386	35.523
1387	35.37
1388	35.459
1389	35.481
1390	35.032
1391	35.317
1392	35.289
1393	35.131
1394	34.95
1395	34.854
1396	34.955
1397	35.015
1398	34.998
1399	34.823
1400	34.096
1401	34.176
1402	34.503
1403	34.258
1404	34.244
1405	34.225
1406	34.281
1407	34.182
1408	34.17
1409	34.226
1410	34.162
1411	33.684
1412	33.184
1413	33.441
1414	33.65
1415	33.739
1416	33.602
1417	33.668
1418	33.681
1419	33.386
1420	33.256
1421	33.22
1422	32.747
1423	32.763
1424	32.739
1425	32.836
1426	32.33
1427	32.483
1428	32.684
1429	32.209
1430	32.244
1431	32.426
1432	32.822
1433	32.827
1434	32.479
1435	32.629
1436	32.579
1437	32.632
1438	32.557
1439	32.587
1440	31.314
1441	31.453
1442	31.607
1443	31.576
1444	31.697
1445	31.816
1446	31.971
1447	31.701
1448	31.952
1449	31.935
1450	31.635
1451	31.191
1452	31.271
1453	31.459
1454	31.158
1455	31.036
1456	31.014
1457	31.218
1458	31.478
1459	31.555
1460	31.284
1461	31.2
1462	30.936
1463	30.722
1464	30.755
1465	30.827
1466	30.661
1467	31.015
1468	30.681
1469	30.942
1470	30.684
1471	30.321
1472	30.396
1473	30.163
1474	29.762
1475	30.038
1476	30.061
1477	30.015
1478	29.91
1479	30.185
1480	30.3
1481	29.971
1482	30.071
1483	29.655
1484	29.899
1485	30.237
1486	29.918
1487	29.403
1488	27.254
1489	29.045
1490	29.884
1491	29.829
1492	29.654
1493	29.85
1494	29.921
1495	29.724
1496	29.009
1497	29.241
1498	29.471
1499	29.309
1500	29.581
1501	29.549
1502	28.827
1503	27.25
1504	27.648
1505	26.854
1506	27.924
1507	28.891
1508	28.618
1509	28.564
1510	29.097
1511	29.149
1512	28.679
1513	28.458
1514	28.447
1515	28.657
1516	28.543
1517	28.443
1518	28.697
1519	28.477
1520	28.553
1521	28.118
1522	27.96
1523	28.193
1524	28.212
1525	27.977
1526	28.372
1527	28.287
1528	28.371
1529	27.985
1530	27.094
1531	27.968
1532	28.144
1533	27.916
1534	27.569
1535	27.713
1536	27.961
1537	27.926
1538	27.484
1539	27.492
1540	26.997
1541	27.231
1542	27.409
1543	27.486
1544	27.654
1545	27.69
1546	27.638
1547	27.209
1548	26.795
1549	27.08
1550	26.885
1551	26.995
1552	27.232
1553	26.899
1554	26.452
1555	26.535
1556	26.396
1557	26.747
1558	26.694
1559	26.545
1560	26.523
1561	26.865
1562	26.744
1563	26.478
1564	26.342
1565	26.512
1566	26.15
1567	26.109
1568	25.903
1569	25.868
1570	25.958
1571	26.332
1572	26.283
1573	26.095
1574	25.67
1575	24.731
1576	25.114
1577	23.945
1578	24.915
1579	25.707
1580	25.899
1581	25.844
1582	25.068
1583	25.088
1584	25.174
1585	25.498
1586	25.364
1587	25.036
1588	24.421
1589	23.172
1590	23.484
1591	23.934
1592	24.822
1593	25.339
1594	25.388
1595	25.342
1596	24.445
1597	24.652
1598	25.31
1599	24.958
1600	24.892
1601	24.486
1602	24.605
1603	24.735
1604	24.712
1605	24.575
1606	24.469
1607	24.393
1608	24.734
1609	24.402
1610	23.437
1611	23.744
1612	23.994
1613	24.259
1614	24.241
1615	24.016
1616	23.302
1617	23.582
1618	24.163
1619	24.126
1620	23.436
1621	23.311
1622	23.758
1623	24.139
1624	24.173
1625	23.903
1626	23.983
1627	24.085
1628	24.193
1629	24.057
1630	23.786
1631	23.858
1632	23.803
1633	23.492
1634	23.325
1635	23.634
1636	23.424
1637	22.864
1638	22.471
1639	22.158
1640	22.417
1641	22.269
1642	22.342
1643	22.657
1644	22.522
1645	22.509
1646	22.791
1647	22.883
1648	22.834
1649	22.566
1650	22.716
1651	22.548
1652	22.699
1653	22.676
1654	22.676
1655	22.572
1656	22.687
1657	22.677
1658	22.617
1659	22.425
1660	22.509
1661	22.628
1662	22.509
1663	22.35
1664	22.29
1665	22.159
1666	22.043
1667	22.049
1668	21.733
1669	21.855
1670	22.169
1671	21.977
1672	21.337
1673	21.447
1674	21.744
1675	21.408
1676	21.178
1677	21.39
1678	21.367
1679	21.061
1680	20.441
1681	19.845
1682	20.17
1683	20.713
1684	21.037
1685	21.15
1686	21.045
1687	21.033
1688	21.06
1689	20.865
1690	20.876
1691	21.134
1692	21.166
1693	21.127
1694	21.072
1695	21.054
1696	20.984
1697	20.897
1698	20.891
1699	20.804
1700	20.586
1701	20.483
1702	20.443
1703	20.317
1704	20.49
1705	20.588
1706	20.459
1707	20.273
1708	20.029
1709	20.159
1710	20.196
1711	19.48
1712	19.648
1713	20.264
1714	20.293
1715	20.26
1716	20.096
1717	20.011
1718	19.961
1719	19.935
1720	19.769
1721	19.636
1722	19.644
1723	19.147
1724	19.273
1725	19.528
1726	19.508
1727	19.522
1728	19.301
1729	19.39
1730	19.468
1731	19.351
1732	19.004
1733	18.319
1734	18.318
1735	18.292
1736	17.774
1737	17.681
1738	18.271
1739	18.611
1740	18.724
1741	18.593
1742	18.698
1743	18.805
1744	18.865
1745	18.625
1746	18.454
1747	18.363
1748	18.611
1749	18.689
1750	18.46
1751	18.379
1752	18.44
1753	18.518
1754	18.564
1755	18.434
1756	18.496
1757	18.531
1758	18.427
1759	18.42
1760	18.354
1761	18.168
1762	17.886
1763	18.019
1764	18.092
1765	18.159
1766	18.229
1767	18.101
1768	18.032
1769	18.049
1770	17.905
1771	17.876
1772	17.968
1773	18.003
1774	17.945
1775	17.801
1776	17.657
1777	17.428
1778	17.464
1779	17.554
1780	17.56
1781	17.614
1782	17.466
1783	17.413
1784	17.373
1785	17.281
1786	17.405
1787	17.528
1788	17.507
1789	17.418
1790	17.352
1791	17.314
1792	17.222
1793	17.158
1794	17.086
1795	17.101
1796	17.082
1797	16.996
1798	17.026
1799	17.074
1800	16.97
1801	16.802
1802	16.637
1803	16.616
1804	16.814
1805	16.845
1806	16.742
1807	16.668
1808	16.669
1809	16.675
1810	16.649
1811	16.591
1812	16.485
1813	16.451
1814	16.311
1815	16.105
1816	15.828
1817	15.194
1818	14.767
1819	15.268
1820	15.747
1821	15.839
1822	15.688
1823	15.777
1824	16.063
1825	16.089
1826	16.087
1827	16.099
1828	15.957
1829	15.838
1830	15.964
1831	15.999
1832	15.851
1833	15.684
1834	15.823
1835	15.816
1836	15.772
1837	15.702
1838	15.562
1839	15.617
1840	15.593
1841	15.63
1842	15.367
1843	15.224
1844	15.417
1845	15.496
1846	15.396
1847	14.944
1848	15.059
1849	15.38
1850	15.458
1851	15.458
1852	15.319
1853	15.155
1854	15.233
1855	15.142
1856	14.959
1857	15.149
1858	15.175
1859	14.978
1860	14.857
1861	14.846
1862	14.825
1863	14.846
1864	14.828
1865	14.794
1866	14.612
1867	14.471
1868	14.554
1869	14.689
1870	14.691
1871	14.566
1872	14.293
1873	14.044
1874	13.698
1875	12.586
1876	12.372
1877	13.48
1878	14.042
1879	14.165
1880	14.177
1881	14.326
1882	14.367
1883	14.344
1884	14.309
1885	14.151
1886	14.018
1887	14.193
1888	14.268
1889	14.151
1890	13.95
1891	13.964
1892	13.867
1893	13.684
1894	13.776
1895	13.755
1896	13.51
1897	13.545
1898	13.794
1899	13.758
1900	13.814
1901	14.004
1902	14.008
1903	13.807
1904	13.746
1905	13.83
1906	13.837
1907	13.796
1908	13.696
1909	13.738
1910	13.766
1911	13.59
1912	13.478
1913	13.612
1914	13.681
1915	13.63
1916	13.562
1917	13.558
1918	13.502
1919	13.358
1920	13.26
1921	13.397
1922	13.467
1923	13.36
1924	13.321
1925	13.373
1926	13.355
1927	13.259
1928	13.093
1929	12.946
1930	12.982
1931	12.96
1932	12.883
1933	12.883
1934	13.004
1935	13.024
1936	13.031
1937	13.081
1938	12.972
1939	12.68
1940	12.687
1941	12.828
1942	12.688
1943	12.291
1944	11.741
1945	11.336
1946	11.628
1947	12.226
1948	12.5
1949	12.514
1950	12.402
1951	12.203
1952	12.317
1953	12.645
1954	12.708
1955	12.67
1956	12.625
1957	12.615
1958	12.6
1959	12.555
1960	12.519
1961	12.462
1962	12.332
1963	12.179
1964	12.138
1965	12.237
1966	12.254
1967	12.302
1968	12.362
1969	12.333
1970	12.339
1971	12.306
1972	12.052
1973	11.882
1974	12.028
1975	12.17
1976	12.19
1977	12.077
1978	11.855
1979	11.839
1980	11.913
1981	11.927
1982	11.991
1983	11.999
1984	11.923
1985	11.798
1986	11.704
1987	11.77
1988	11.917
1989	11.958
1990	11.939
1991	11.898
1992	11.77
1993	11.588
1994	11.58
1995	11.717
1996	11.722
1997	11.593
1998	11.565
1999	11.659
2000	11.701
2001	11.681
2002	11.605
2003	11.501
2004	11.486
2005	11.48
2006	11.471
2007	11.535
2008	11.555
2009	11.524
2010	11.501
2011	11.48
2012	11.458
2013	11.429
2014	11.388
2015	11.384
2016	11.382
2017	11.355
2018	11.344
2019	11.314
2020	11.155
2021	11.001
2022	11.054
2023	11.171
2024	11.154
2025	11.123
2026	11.14
2027	11.133
2028	11.068
2029	10.956
2030	10.84
2031	10.864
2032	10.992
2033	11.033
2034	10.925
2035	10.797
2036	10.85
2037	10.853
2038	10.646
2039	10.661
2040	10.841
2041	10.832
2042	10.808
2043	10.831
2044	10.827
2045	10.811
2046	10.791
2047	10.743
2048	10.715
2049	10.718
2050	10.69
2051	10.643
2052	10.567
2053	10.533
2054	10.566
2055	10.588
2056	10.58
2057	10.557
2058	10.518
2059	10.492
2060	10.4
2061	10.331
2062	10.377
2063	10.241
2064	10.169
2065	10.333
2066	10.41
2067	10.379
2068	10.347
2069	10.305
2070	10.185
2071	10.146
2072	10.219
2073	10.248
2074	10.27
2075	10.256
2076	10.235
2077	10.214
2078	10.184
2079	10.105
2080	10.044
2081	10.056
2082	10.048
2083	9.971
2084	9.9401
2085	9.9996
2086	10.034
2087	10.028
2088	10.011
2089	9.9951
2090	9.9693
2091	9.8739
2092	9.7228
2093	9.712
2094	9.7662
2095	9.7326
2096	9.7406
2097	9.7783
2098	9.7844
2099	9.7805
2100	9.765
2101	9.7626
2102	9.7362
2103	9.7098
2104	9.7145
2105	9.7417
2106	9.7331
2107	9.7119
2108	9.6724
2109	9.5761
2110	9.5384
2111	9.5828
2112	9.5973
2113	9.5798
2114	9.5738
2115	9.5533
2116	9.4513
2117	9.4001
2118	9.4377
2119	9.4248
2120	9.3942
2121	9.394
2122	9.3939
2123	9.3451
2124	9.2921
2125	9.3045
2126	9.3079
2127	9.2973
2128	9.3238
2129	9.3189
2130	9.3028
2131	9.3061
2132	9.3019
2133	9.2798
2134	9.2504
2135	9.144
2136	9.0946
2137	9.1457
2138	9.198
2139	9.1747
2140	9.1592
2141	9.1551
2142	9.137
2143	9.1087
2144	9.074
2145	9.0262
2146	8.9981
2147	9.0162
2148	9.0376
2149	9.0244
2150	9.0071
2151	8.988
2152	8.9524
2153	8.9232
2154	8.9097
2155	8.9088
2156	8.9016
2157	8.8854
2158	8.8619
2159	8.8299
2160	8.7979
2161	8.7527
2162	8.6989
2163	8.6283
2164	8.4788
2165	8.1115
2166	7.8396
2167	7.9676
2168	8.3159
2169	8.4881
2170	8.5612
2171	8.5803
2172	8.5907
2173	8.5915
2174	8.593
2175	8.5768
2176	8.5322
2177	8.4978
2178	8.4165
2179	8.4168
2180	8.5043
2181	8.5161
2182	8.4298
2183	8.4108
2184	8.4708
2185	8.4878
2186	8.4827
2187	8.4215
2188	8.2873
2189	8.2434
2190	8.3239
2191	8.3774
2192	8.3981
2193	8.3852
2194	8.3681
2195	8.3531
2196	8.3366
2197	8.3273
2198	8.3201
2199	8.3074
2200	8.2874
2201	8.266
2202	8.2515
2203	8.2487
2204	8.2394
2205	8.1465
2206	7.9818
2207	7.9253
2208	7.9739
2209	8.0509
2210	8.0969
2211	8.138
2212	8.127
2213	8.1107
2214	8.0972
2215	8.0715
2216	8.0153
2217	7.9795
2218	7.9933
2219	8.0249
2220	8.0267
2221	8.0083
2222	7.9926
2223	7.9776
2224	7.9607
2225	7.912
2226	7.8463
2227	7.8281
2228	7.8645
2229	7.8757
2230	7.8715
2231	7.8582
2232	7.8581
2233	7.8594
2234	7.8491
2235	7.829
2236	7.8088
2237	7.7692
2238	7.6987
2239	7.6654
2240	7.6943
2241	7.7194
2242	7.7006
2243	7.6766
2244	7.685
2245	7.6943
2246	7.6801
2247	7.6249
2248	7.5928
2249	7.5943
2250	7.6142
2251	7.6046
2252	7.5867
2253	7.5342
2254	7.48
2255	7.4641
2256	7.5
2257	7.512
2258	7.5178
2259	7.517
2260	7.5013
2261	7.4507
2262	7.375
2263	7.3675
2264	7.4034
2265	7.4053
2266	7.3906
2267	7.4021
2268	7.4031
2269	7.3922
2270	7.3668
2271	7.3483
2272	7.3465
2273	7.3519
2274	7.3165
2275	7.2954
2276	7.3001
2277	7.3133
2278	7.303
2279	7.2854
2280	7.2197
2281	7.1
2282	7.0648
2283	7.1309
2284	7.1768
2285	7.1727
2286	7.1696
2287	7.1738
2288	7.1712
2289	7.1614
2290	7.1485
2291	7.1317
2292	7.1051
2293	7.0259
2294	6.9602
2295	6.9397
2296	6.9348
2297	6.9241
2298	6.9456
2299	6.9799
2300	6.9841
2301	6.9797
2302	6.9815
2303	6.9701
2304	6.9547
2305	6.9478
2306	6.9446
2307	6.94
2308	6.921
2309	6.9007
2310	6.8905
2311	6.8926
2312	6.8868
2313	6.8744
2314	6.8423
2315	6.8179
2316	6.7931
2317	6.786
2318	6.7628
2319	6.7684
2320	6.7861
2321	6.7862
2322	6.6806
2323	6.588
2324	6.5448
2325	6.5682
2326	6.5832
2327	6.617
2328	6.6478
2329	6.6503
2330	6.6346
2331	6.6179
2332	6.6071
2333	6.6088
2334	6.5904
2335	6.5618
2336	6.5608
2337	6.566
2338	6.5206
2339	6.5076
2340	6.537
2341	6.5693
2342	6.5641
2343	6.5529
2344	6.534
2345	6.5199
2346	6.5109
2347	6.5034
2348	6.4982
2349	6.4908
2350	6.4794
2351	6.4188
2352	6.3102
2353	6.2449
2354	6.2516
2355	6.2976
2356	6.2991
2357	6.2854
2358	6.2875
2359	6.3096
2360	6.3242
2361	6.3234
2362	6.3196
2363	6.3173
2364	6.3068
2365	6.3007
2366	6.2932
2367	6.2896
2368	6.2722
2369	6.242
2370	6.2231
2371	6.2182
2372	6.2156
2373	6.142
2374	6.0857
2375	6.0902
2376	6.1663
2377	6.202
2378	6.1975
2379	6.1857
2380	6.1762
2381	6.1695
2382	6.0894
2383	5.9833
2384	5.8905
2385	5.8896
2386	5.9088
2387	5.9574
2388	5.9979
2389	6.0286
2390	6.0304
2391	6.0261
2392	6.006
2393	6.0007
2394	5.9953
2395	5.9998
2396	5.9938
2397	5.9907
2398	5.9868
2399	5.9596
2400	5.9431
2401	5.9424
2402	5.9528
2403	5.9512
2404	5.9335
2405	5.9181
2406	5.9083
2407	5.9052
2408	5.8996
2409	5.8932
2410	5.885
2411	5.8862
2412	5.8763
2413	5.8162
2414	5.7232
2415	5.6096
2416	5.5965
2417	5.6434
2418	5.7237
2419	5.7516
2420	5.7516
2421	5.7519
2422	5.7448
2423	5.7284
2424	5.7072
2425	5.6991
2426	5.6965
2427	5.6963
2428	5.6945
2429	5.6949
2430	5.6907
2431	5.6872
2432	5.6845
2433	5.6637
2434	5.624
2435	5.5978
2436	5.5995
2437	5.5924
2438	5.5938
2439	5.6019
2440	5.6193
2441	5.6123
2442	5.6034
2443	5.5995
2444	5.5908
2445	5.5419
2446	5.486
2447	5.4411
2448	5.4409
2449	5.4539
2450	5.441
2451	5.4206
2452	5.42
2453	5.4344
2454	5.4368
2455	5.4038
2456	5.3484
2457	5.3435
2458	5.3683
2459	5.4245
2460	5.4394
2461	5.4336
2462	5.4259
2463	5.4244
2464	5.4121
2465	5.4
2466	5.3892
2467	5.3872
2468	5.3717
2469	5.3126
2470	5.2844
2471	5.285
2472	5.3011
2473	5.3019
2474	5.3021
2475	5.3148
2476	5.3329
2477	5.3226
2478	5.2777
2479	5.22
2480	5.1614
2481	5.1427
2482	5.1213
2483	5.1552
2484	5.1867
2485	5.2051
2486	5.139
2487	5.1216
2488	5.1377
2489	5.1977
2490	5.2022
2491	5.196
2492	5.1734
2493	5.1641
2494	5.1521
2495	5.1425
2496	5.1334
2497	5.127
2498	5.1309
2499	5.1306
2500	5.1322
2501	5.1341
2502	5.13
2503	5.1148
2504	5.102
2505	5.0989
2506	5.0903
2507	5.0676
2508	5.0365
2509	5.0129
2510	4.9954
2511	4.9938
2512	4.9898
2513	4.997
2514	4.9934
2515	4.9964
2516	4.9859
2517	4.9705
2518	4.9621
2519	4.9677
2520	4.9799
2521	4.9812
2522	4.9752
2523	4.9629
2524	4.9536
2525	4.9456
2526	4.9403
2527	4.9343
2528	4.9244
2529	4.9225
2530	4.9206
2531	4.9176
2532	4.9065
2533	4.8962
2534	4.8797
2535	4.8741
2536	4.8561
2537	4.8475
2538	4.8311
2539	4.8172
2540	4.7893
2541	4.7422
2542	4.7367
2543	4.7481
2544	4.7981
2545	4.8011
2546	4.7809
2547	4.7614
2548	4.756
2549	4.7607
2550	4.7521
2551	4.7341
2552	4.7123
2553	4.7201
2554	4.7259
2555	4.7238
2556	4.6946
2557	4.6748
2558	4.6763
2559	4.6757
2560	4.6763
2561	4.6693
2562	4.675
2563	4.6734
2564	4.6586
2565	4.6451
2566	4.6185
2567	4.614
2568	4.6114
2569	4.6147
2570	4.6241
2571	4.6268
2572	4.6262
2573	4.6261
2574	4.6145
2575	4.6107
2576	4.6118
2577	4.6057
2578	4.6008
2579	4.5913
2580	4.5744
2581	4.5424
2582	4.5075
2583	4.4792
2584	4.4414
2585	4.3997
2586	4.4091
2587	4.4392
2588	4.4983
2589	4.5098
2590	4.5074
2591	4.501
2592	4.4817
2593	4.4695
2594	4.4596
2595	4.4571
2596	4.4512
2597	4.4494
2598	4.4453
2599	4.4426
2600	4.4359
2601	4.4303
2602	4.4327
2603	4.4297
2604	4.4222
2605	4.4161
2606	4.4099
2607	4.4066
2608	4.395
2609	4.3856
2610	4.3775
2611	4.366
2612	4.3597
2613	4.3536
2614	4.3521
2615	4.3465
2616	4.3342
2617	4.3123
2618	4.2958
2619	4.2834
2620	4.2786
2621	4.2547
2622	4.216
2623	4.1684
2624	4.0669
2625	3.9697
2626	3.9459
2627	3.9954
2628	4.1158
2629	4.1913
2630	4.218
2631	4.23
2632	4.2383
2633	4.2345
2634	4.2303
2635	4.2255
2636	4.2212
2637	4.2171
2638	4.1777
2639	4.1163
2640	4.1029
2641	4.0927
2642	4.1356
2643	4.1528
2644	4.1506
2645	4.1611
2646	4.1526
2647	4.1463
2648	4.143
2649	4.141
2650	4.1387
2651	4.1336
2652	4.1303
2653	4.097
2654	4.063
2655	4.0477
2656	4.0521
2657	4.0917
2658	4.1063
2659	4.0996
2660	4.0894
2661	4.0631
2662	4.0454
2663	4.0121
2664	3.9783
2665	3.9625
2666	3.9575
2667	3.9912
2668	4.0124
2669	4.0341
2670	4.0327
2671	4.0251
2672	4.0197
2673	4.0084
2674	3.9901
2675	3.9676
2676	3.9593
2677	3.9616
2678	3.9713
2679	3.9791
2680	3.9778
2681	3.9748
2682	3.9725
2683	3.969
2684	3.963
2685	3.9587
2686	3.9518
2687	3.9453
2688	3.9409
2689	3.9346
2690	3.9301
2691	3.9214
2692	3.9127
2693	3.905
2694	3.8976
2695	3.8899
2696	3.8847
2697	3.8859
2698	3.8886
2699	3.8881
2700	3.8791
2701	3.8715
2702	3.8681
2703	3.8664
2704	3.8637
2705	3.8518
2706	3.8317
2707	3.8252
2708	3.8232
2709	3.8281
2710	3.819
2711	3.807
2712	3.8013
2713	3.8016
2714	3.8088
2715	3.8038
2716	3.7929
2717	3.7817
2718	3.7761
2719	3.7731
2720	3.7698
2721	3.7674
2722	3.7647
2723	3.7585
2724	3.7516
2725	3.7381
2726	3.7227
2727	3.7191
2728	3.717
2729	3.7225
2730	3.7234
2731	3.7201
2732	3.7148
2733	3.71
2734	3.7056
2735	3.7004
2736	3.697
2737	3.6844
2738	3.6674
2739	3.6604
2740	3.657
2741	3.6639
2742	3.6677
2743	3.6638
2744	3.6585
2745	3.6538
2746	3.6495
2747	3.6416
2748	3.6328
2749	3.6259
2750	3.6205
2751	3.6168
2752	3.6126
2753	3.6025
2754	3.588
2755	3.5697
2756	3.5489
2757	3.5335
2758	3.5218
2759	3.5151
2760	3.5206
2761	3.5255
2762	3.5294
2763	3.5358
2764	3.5324
2765	3.529
2766	3.5305
2767	3.5313
2768	3.5325
2769	3.5336
2770	3.5289
2771	3.5181
2772	3.5036
2773	3.4948
2774	3.4881
2775	3.4868
2776	3.4872
2777	3.4858
2778	3.4864
2779	3.4849
2780	3.48
2781	3.4668
2782	3.4565
2783	3.4507
2784	3.4494
2785	3.4522
2786	3.4507
2787	3.4488
2788	3.4469
2789	3.4459
2790	3.4422
2791	3.4365
2792	3.4308
2793	3.4258
2794	3.4227
2795	3.4189
2796	3.4135
2797	3.4053
2798	3.3978
2799	3.392
2800	3.3878
2801	3.3851
2802	3.3793
2803	3.3713
2804	3.367
2805	3.362
2806	3.3597
2807	3.3607
2808	3.3562
2809	3.3542
2810	3.3495
2811	3.3454
2812	3.3404
2813	3.3351
2814	3.3296
2815	3.3225
2816	3.3191
2817	3.3163
2818	3.3119
2819	3.3086
2820	3.3036
2821	3.2982
2822	3.2932
2823	3.2868
2824	3.2816
2825	3.278
2826	3.2746
2827	3.2716
2828	3.2684
2829	3.2636
2830	3.2601
2831	3.257
2832	3.2541
2833	3.2508
2834	3.2474
2835	3.2436
2836	3.2391
2837	3.234
2838	3.2281
2839	3.2135
2840	3.2029
2841	3.1959
2842	3.1895
2843	3.1929
2844	3.1956
2845	3.1928
2846	3.1922
2847	3.1909
2848	3.1835
2849	3.176
2850	3.168
2851	3.1613
2852	3.1575
2853	3.1551
2854	3.1553
2855	3.1537
2856	3.1514
2857	3.1477
2858	3.1422
2859	3.1351
2860	3.1298
2861	3.1254
2862	3.1221
2863	3.1216
2864	3.1172
2865	3.1104
2866	3.0999
2867	3.0887
2868	3.0768
2869	3.0631
2870	3.0509
2871	3.0355
2872	3.023
2873	3.0192
2874	3.021
2875	3.0312
2876	3.0421
2877	3.0473
2878	3.0488
2879	3.0482
2880	3.0465
2881	3.0436
2882	3.0424
2883	3.0398
2884	3.0355
2885	3.0314
2886	3.0252
2887	3.0161
2888	3.0114
2889	3.0078
2890	3.0072
2891	3.0088
2892	3.008
2893	3.0041
2894	2.9991
2895	2.995
2896	2.9893
2897	2.9836
2898	2.9796
2899	2.9746
2900	2.9715
2901	2.9703
2902	2.9675
2903	2.965
2904	2.9587
2905	2.9514
2906	2.9474
2907	2.9432
2908	2.9421
2909	2.9436
2910	2.9409
2911	2.9365
2912	2.9308
2913	2.9256
2914	2.9186
2915	2.9134
2916	2.9107
2917	2.9087
2918	2.9079
2919	2.9066
2920	2.9008
2921	2.8925
2922	2.8833
2923	2.8749
2924	2.8652
2925	2.8627
2926	2.8629
2927	2.8595
2928	2.8575
2929	2.8578
2930	2.8551
2931	2.8543
2932	2.8564
2933	2.852
2934	2.8467
2935	2.8422
2936	2.8395
2937	2.8347
2938	2.8322
2939	2.8283
2940	2.8244
2941	2.8218
2942	2.8128
2943	2.807
2944	2.804
2945	2.7963
2946	2.7915
2947	2.7918
2948	2.7893
2949	2.7869
2950	2.7893
2951	2.7852
2952	2.7801
2953	2.7749
2954	2.7721
2955	2.7711
2956	2.7685
2957	2.7663
2958	2.7632
2959	2.7589
2960	2.7537
2961	2.7501
2962	2.7471
2963	2.7452
2964	2.7441
2965	2.7411
2966	2.7379
2967	2.734
2968	2.7295
2969	2.7251
2970	2.7208
2971	2.7169
2972	2.7149
2973	2.7127
2974	2.7101
2975	2.7074
2976	2.7024
2977	2.6951
2978	2.6905
2979	2.6872
2980	2.6832
2981	2.6819
2982	2.6814
2983	2.6784
2984	2.6761
2985	2.6722
2986	2.6661
2987	2.6617
2988	2.6568
2989	2.6513
2990	2.6493
2991	2.6473
2992	2.6443
2993	2.6431
2994	2.6389
2995	2.6288
2996	2.6233
2997	2.6187
2998	2.6108
2999	2.6071
3000	2.6077
3001	2.6069
3002	2.6057
3003	2.6097
3004	2.6085
3005	2.6054
3006	2.6009
3007	2.5954
3008	2.5911
3009	2.5881
3010	2.5852
3011	2.585
3012	2.5835
3013	2.5787
3014	2.5746
3015	2.5702
3016	2.5656
3017	2.5631
3018	2.5583
3019	2.5534
3020	2.5513
3021	2.5478
3022	2.544
3023	2.5439
3024	2.541
3025	2.5359
3026	2.5313
3027	2.5288
3028	2.526
3029	2.5225
3030	2.5203
3031	2.511
3032	2.5035
3033	2.4972
3034	2.4908
3035	2.4838
3036	2.4764
3037	2.4571
3038	2.4356
3039	2.4252
3040	2.4235
3041	2.4316
3042	2.4486
3043	2.4594
3044	2.4633
3045	2.4652
3046	2.4649
3047	2.4636
3048	2.464
3049	2.4634
3050	2.4618
3051	2.4597
3052	2.456
3053	2.4497
3054	2.4442
3055	2.441
3056	2.4358
3057	2.4316
3058	2.4323
3059	2.4302
3060	2.4287
3061	2.428
3062	2.4252
3063	2.4159
3064	2.4108
3065	2.4058
3066	2.3995
3067	2.3972
3068	2.3989
3069	2.3973
3070	2.3958
3071	2.3974
3072	2.3959
3073	2.3924
3074	2.3895
3075	2.386
3076	2.3843
3077	2.3816
3078	2.3778
3079	2.373
3080	2.3681
3081	2.3629
3082	2.358
3083	2.3557
3084	2.3522
3085	2.3479
3086	2.347
3087	2.3457
3088	2.343
3089	2.342
3090	2.3407
3091	2.3383
3092	2.3357
3093	2.3333
3094	2.3333
3095	2.3287
3096	2.3184
3097	2.3125
3098	2.3089
3099	2.3066
3100	2.3072
3101	2.3119
3102	2.3111
3103	2.3083
3104	2.3049
3105	2.3016
3106	2.2973
3107	2.2941
3108	2.292
3109	2.29
3110	2.288
3111	2.2832
3112	2.2694
3113	2.2533
3114	2.2381
3115	2.2301
3116	2.2303
3117	2.2396
3118	2.2482
3119	2.2552
3120	2.2557
3121	2.2535
3122	2.2519
3123	2.2487
3124	2.2479
3125	2.2446
3126	2.241
3127	2.2357
3128	2.233
3129	2.2298
3130	2.2282
3131	2.226
3132	2.2254
3133	2.2239
3134	2.2215
3135	2.2189
3136	2.2156
3137	2.2127
3138	2.2087
3139	2.2065
3140	2.2046
3141	2.2014
3142	2.1995
3143	2.1985
3144	2.1955
3145	2.1917
3146	2.1892
3147	2.1865
3148	2.1824
3149	2.173
3150	2.1597
3151	2.1537
3152	2.1506
3153	2.1494
3154	2.1548
3155	2.1639
3156	2.1652
3157	2.1624
3158	2.1591
3159	2.1557
3160	2.1527
3161	2.1499
3162	2.1457
3163	2.1421
3164	2.1399
3165	2.1357
3166	2.1312
3167	2.1283
3168	2.1231
3169	2.1163
3170	2.1145
3171	2.1144
3172	2.1138
3173	2.1159
3174	2.1187
3175	2.1173
3176	2.114
3177	2.1104
3178	2.1055
3179	2.0996
3180	2.095
3181	2.0922
3182	2.0909
3183	2.0901
3184	2.0905
3185	2.0897
3186	2.0875
3187	2.0852
3188	2.0829
3189	2.0806
3190	2.0784
3191	2.0761
3192	2.0738
3193	2.0713
3194	2.0673
3195	2.065
3196	2.0628
3197	2.0604
3198	2.0559
3199	2.0474
3200	2.0439
3201	2.0407
3202	2.0376
3203	2.0364
3204	2.0412
3205	2.0413
3206	2.0393
3207	2.0378
3208	2.0357
3209	2.0327
3210	2.0303
3211	2.0266
3212	2.0197
3213	2.0153
3214	2.0122
3215	2.0098
3216	2.0082
3217	2.0089
3218	2.0096
3219	2.0079
3220	2.0054
3221	2.0018
3222	1.9977
3223	1.9953
3224	1.9924
3225	1.9902
3226	1.9883
3227	1.9878
3228	1.9856
3229	1.9834
3230	1.9811
3231	1.9771
3232	1.9714
3233	1.9689
3234	1.9668
3235	1.9646
3236	1.9641
3237	1.9645
3238	1.963
3239	1.9589
3240	1.9518
3241	1.9462
3242	1.9424
3243	1.9394
3244	1.938
3245	1.9387
3246	1.9411
3247	1.941
3248	1.9413
3249	1.9392
3250	1.937
3251	1.9339
3252	1.93
3253	1.926
3254	1.9238
3255	1.9209
3256	1.9187
3257	1.918
3258	1.9151
3259	1.912
3260	1.9091
3261	1.9063
3262	1.9038
3263	1.9018
3264	1.8999
3265	1.8988
3266	1.8974
3267	1.8945
3268	1.8924
3269	1.892
3270	1.8892
3271	1.887
3272	1.8849
3273	1.8807
3274	1.8775
3275	1.8753
3276	1.8733
3277	1.8711
3278	1.8683
3279	1.8655
3280	1.8625
3281	1.8588
3282	1.8557
3283	1.852
3284	1.8516
3285	1.8513
3286	1.8495
3287	1.8467
3288	1.8452
3289	1.8409
3290	1.8354
3291	1.8302
3292	1.8248
3293	1.8178
3294	1.806
3295	1.792
3296	1.7805
3297	1.7766
3298	1.777
3299	1.7824
3300	1.7938
3301	1.8034
3302	1.8079
3303	1.8089
3304	1.8092
3305	1.81
3306	1.8091
3307	1.8087
3308	1.8066
3309	1.8029
3310	1.8
3311	1.7971
3312	1.7951
3313	1.7927
3314	1.7915
3315	1.7896
3316	1.785
3317	1.7764
3318	1.754
3319	1.7477
3320	1.7473
3321	1.7471
3322	1.7485
3323	1.7643
3324	1.7701
3325	1.7697
3326	1.7683
3327	1.7672
3328	1.7662
3329	1.7649
3330	1.7621
3331	1.7593
3332	1.7573
3333	1.7547
3334	1.7527
3335	1.7514
3336	1.7502
3337	1.7479
3338	1.7436
3339	1.7392
3340	1.7372
3341	1.7353
3342	1.7334
3343	1.7336
3344	1.7341
3345	1.7339
3346	1.7324
3347	1.7296
3348	1.7254
3349	1.7226
3350	1.7206
3351	1.7155
3352	1.7126
3353	1.7124
3354	1.7121
3355	1.7107
3356	1.7087
3357	1.7091
3358	1.708
3359	1.7061
3360	1.7042
3361	1.7024
3362	1.6996
3363	1.6957
3364	1.6917
3365	1.6885
3366	1.6857
3367	1.6821
3368	1.6761
3369	1.6755
3370	1.6746
3371	1.6728
3372	1.6714
3373	1.6718
3374	1.6744
3375	1.6733
3376	1.6706
3377	1.6702
3378	1.668
3379	1.6646
3380	1.6614
3381	1.6586
3382	1.6568
3383	1.655
3384	1.6539
3385	1.6536
3386	1.6534
3387	1.6532
3388	1.6524
3389	1.6508
3390	1.6489
3391	1.6463
3392	1.6444
3393	1.641
3394	1.6317
3395	1.6251
3396	1.6195
3397	1.6124
3398	1.6071
3399	1.5973
3400	1.6015
3401	1.6038
3402	1.6072
3403	1.6097
3404	1.6119
3405	1.618
3406	1.6154
3407	1.6111
3408	1.6085
3409	1.6062
3410	1.6044
3411	1.6032
3412	1.6027
3413	1.5984
3414	1.5901
3415	1.5873
3416	1.5862
3417	1.5857
3418	1.586
3419	1.5883
3420	1.5927
3421	1.5918
3422	1.5901
3423	1.5874
3424	1.5834
3425	1.5783
3426	1.5745
3427	1.5718
3428	1.5692
3429	1.5675
3430	1.569
3431	1.5705
3432	1.5707
3433	1.569
3434	1.5679
3435	1.5662
3436	1.5645
3437	1.5631
3438	1.5617
3439	1.56
3440	1.5575
3441	1.5556
3442	1.5539
3443	1.552
3444	1.5503
3445	1.5488
3446	1.5478
3447	1.5452
3448	1.5434
3449	1.5425
3450	1.5411
3451	1.5391
3452	1.5374
3453	1.5356
3454	1.5331
3455	1.5308
3456	1.5293
3457	1.5279
3458	1.5263
3459	1.5253
3460	1.5235
3461	1.5226
3462	1.5214
3463	1.5199
3464	1.5176
3465	1.515
3466	1.5125
3467	1.5109
3468	1.5087
3469	1.5065
3470	1.5049
3471	1.5023
3472	1.4998
3473	1.4976
3474	1.4961
3475	1.4949
3476	1.494
3477	1.4938
3478	1.4921
3479	1.4912
3480	1.4908
3481	1.4904
3482	1.4879
3483	1.4854
3484	1.4837
3485	1.4823
3486	1.4809
3487	1.4788
3488	1.4771
3489	1.4753
3490	1.4731
3491	1.4705
3492	1.4679
3493	1.4664
3494	1.4654
3495	1.4637
3496	1.4634
3497	1.4633
3498	1.4628
3499	1.4597
3500	1.4579
3501	1.4563
3502	1.4551
3503	1.4538
3504	1.4523
3505	1.4521
3506	1.4505
3507	1.4486
3508	1.447
3509	1.4448
3510	1.4424
3511	1.4407
3512	1.4392
3513	1.4378
3514	1.4359
3515	1.4343
3516	1.4333
3517	1.4311
3518	1.4298
3519	1.4286
3520	1.4269
3521	1.4237
3522	1.4214
3523	1.4204
3524	1.4197
3525	1.4181
3526	1.4164
3527	1.4162
3528	1.4147
3529	1.4132
3530	1.4117
3531	1.4092
3532	1.4061
3533	1.4047
3534	1.4033
3535	1.4004
3536	1.3964
3537	1.3948
3538	1.394
3539	1.3934
3540	1.3926
3541	1.3924
3542	1.3923
3543	1.3921
3544	1.3917
3545	1.3902
3546	1.3885
3547	1.3869
3548	1.3858
3549	1.3847
3550	1.3831
3551	1.3814
3552	1.3779
3553	1.3747
3554	1.3712
3555	1.3689
3556	1.3665
3557	1.3626
3558	1.3611
3559	1.3607
3560	1.3626
3561	1.361
3562	1.3597
3563	1.3597
3564	1.3613
3565	1.3604
3566	1.3581
3567	1.3551
3568	1.3524
3569	1.3496
3570	1.3479
3571	1.3458
3572	1.3447
3573	1.3437
3574	1.345
3575	1.3448
3576	1.3431
3577	1.3414
3578	1.3381
3579	1.3357
3580	1.3342
3581	1.3324
3582	1.3304
3583	1.3282
3584	1.3287
3585	1.3281
3586	1.3274
3587	1.3261
3588	1.3259
3589	1.3251
3590	1.3241
3591	1.323
3592	1.3215
3593	1.3184
3594	1.3154
3595	1.3138
3596	1.3124
3597	1.31
3598	1.3079
3599	1.3074
3600	1.3073
3601	1.3071
3602	1.3056
3603	1.3049
3604	1.3044
3605	1.3035
3606	1.3019
3607	1.3
3608	1.2991
3609	1.2983
3610	1.296
3611	1.2952
3612	1.2944
3613	1.2932
3614	1.2916
3615	1.2901
3616	1.289
3617	1.288
3618	1.2865
3619	1.2849
3620	1.2837
3621	1.2827
3622	1.2807
3623	1.279
3624	1.2777
3625	1.2769
3626	1.2755
3627	1.2725
3628	1.271
3629	1.2702
3630	1.2689
3631	1.2666
3632	1.2652
3633	1.2646
3634	1.2639
3635	1.2624
3636	1.2608
3637	1.2596
3638	1.2581
3639	1.2558
3640	1.2543
3641	1.2518
3642	1.2493
3643	1.247
3644	1.2455
3645	1.2445
3646	1.2436
3647	1.2421
3648	1.2426
3649	1.2413
3650	1.2396
3651	1.2334
3652	1.2304
3653	1.2293
3654	1.2283
3655	1.2261
3656	1.2239
3657	1.2245
3658	1.2251
3659	1.225
3660	1.2234
3661	1.2229
3662	1.2225
3663	1.2238
3664	1.2236
3665	1.2222
3666	1.2204
3667	1.2188
3668	1.2147
3669	1.2133
3670	1.2118
3671	1.211
3672	1.2108
3673	1.2103
3674	1.2091
3675	1.2061
3676	1.2005
3677	1.1985
3678	1.196
3679	1.1903
3680	1.1861
3681	1.1847
3682	1.184
3683	1.1874
3684	1.1869
3685	1.1869
3686	1.1887
3687	1.1906
3688	1.1907
3689	1.1905
3690	1.1883
3691	1.1862
3692	1.1851
3693	1.1834
3694	1.1784
3695	1.1717
3696	1.1681
3697	1.1604
3698	1.154
3699	1.1513
3700	1.1502
3701	1.1521
3702	1.1547
3703	1.1568
3704	1.1592
3705	1.1604
3706	1.1591
3707	1.1581
3708	1.1558
3709	1.1536
3710	1.1524
3711	1.1517
3712	1.1503
3713	1.1509
3714	1.1509
3715	1.1508
3716	1.1514
3717	1.1507
3718	1.1505
3719	1.1504
3720	1.1496
3721	1.1486
3722	1.148
3723	1.1478
3724	1.1471
3725	1.1465
3726	1.1454
3727	1.1446
3728	1.1434
3729	1.1427
3730	1.1407
3731	1.1386
3732	1.1365
3733	1.1338
3734	1.1289
3735	1.1231
3736	1.1198
3737	1.1099
3738	1.0983
3739	1.0963
3740	1.0946
3741	1.0911
3742	1.0858
3743	1.0851
3744	1.088
3745	1.0953
3746	1.0966
3747	1.0978
3748	1.0997
3749	1.1053
3750	1.1067
3751	1.1059
3752	1.1038
3753	1.1031
3754	1.1021
3755	1.0999
3756	1.0988
3757	1.0988
3758	1.1025
3759	1.1017
3760	1.101
3761	1.0994
3762	1.0993
3763	1.0992
3764	1.0991
3765	1.0977
3766	1.0969
3767	1.0968
3768	1.0967
3769	1.0952
3770	1.0936
3771	1.0914
3772	1.088
3773	1.0852
3774	1.0841
3775	1.0821
3776	1.0801
3777	1.0796
3778	1.079
3779	1.0789
3780	1.0795
3781	1.0802
3782	1.0801
3783	1.0784
3784	1.0777
3785	1.0756
3786	1.0743
3787	1.0734
3788	1.0705
3789	1.0677
3790	1.067
3791	1.0661
3792	1.066
3793	1.065
3794	1.0645
3795	1.0644
3796	1.0614
3797	1.0608
3798	1.0607
3799	1.0599
3800	1.0595
3801	1.0584
3802	1.0576
3803	1.0582
3804	1.0588
3805	1.0553
3806	1.0538
3807	1.053
3808	1.0509
3809	1.0491
3810	1.0487
3811	1.048
3812	1.0479
3813	1.0472
3814	1.045
3815	1.0422
3816	1.0416
3817	1.0406
3818	1.0399
3819	1.0394
3820	1.0391
3821	1.0389
3822	1.0398
3823	1.0401
3824	1.0387
3825	1.0375
3826	1.0372
3827	1.0365
3828	1.0352
3829	1.0347
3830	1.0328
3831	1.0296
3832	1.0287
3833	1.0265
3834	1.0238
3835	1.0232
3836	1.0222
3837	1.0214
3838	1.0214
3839	1.0213
3840	1.0219
3841	1.0215
3842	1.0211
3843	1.0196
3844	1.0187
3845	1.0181
3846	1.0167
3847	1.0157
3848	1.0152
3849	1.0138
3850	1.0122
3851	1.0116
3852	1.0102
3853	1.009
3854	1.0086
3855	1.0073
3856	1.0049
3857	1.0044
3858	1.0031
3859	1.0012
3860	1.0004
3861	0.99616
3862	0.99487
3863	0.99462
3864	0.99394
3865	0.99145
3866	0.99107
3867	0.9904
3868	0.98971
3869	0.98944
3870	0.9882
3871	0.98751
3872	0.98743
3873	0.98734
3874	0.98664
3875	0.98656
3876	0.98648
3877	0.98578
3878	0.98552
3879	0.98428
3880	0.98179
3881	0.98086
3882	0.97612
3883	0.97366
3884	0.97322
3885	0.97196
3886	0.97071
3887	0.97047
3888	0.96979
3889	0.97142
3890	0.97167
3891	0.97158
3892	0.9704
3893	0.96995
3894	0.96678
3895	0.9646
3896	0.96394
3897	0.96198
3898	0.96093
3899	0.96054
3900	0.95982
3901	0.95976
3902	0.95971
3903	0.95898
3904	0.95855
3905	0.95821
3906	0.95684
3907	0.95616
3908	0.95541
3909	0.95405
3910	0.95352
3911	0.95262
3912	0.9519
3913	0.95153
3914	0.95047
3915	0.94854
3916	0.9481
3917	0.94638
3918	0.94512
3919	0.94486
3920	0.9436
3921	0.94243
3922	0.94217
3923	0.94148
3924	0.94093
3925	0.9407
3926	0.93936
3927	0.93853
3928	0.93793
3929	0.93596
3930	0.93485
3931	0.93324
3932	0.93191
3933	0.93139
3934	0.92984
3935	0.92856
3936	0.92838
3937	0.92774
3938	0.92822
3939	0.92823
3940	0.92693
3941	0.92546
3942	0.92488
3943	0.92355
3944	0.92218
3945	0.92085
3946	0.91765
3947	0.91702
3948	0.91557
3949	0.91246
3950	0.91212
3951	0.91093
3952	0.9092
3953	0.90884
3954	0.90694
3955	0.90558
3956	0.90494
3957	0.90549
3958	0.90495
3959	0.90414
3960	0.90345
3961	0.90341
3962	0.90335
3963	0.90328
3964	0.90323
3965	0.90255
3966	0.90158
3967	0.90118
3968	0.89986
3969	0.8993
3970	0.89849
3971	0.89659
3972	0.89622
3973	0.89454
3974	0.89336
3975	0.89314
3976	0.89186
3977	0.8914
3978	0.89113
3979	0.88983
3980	0.88923
3981	0.88783
3982	0.88361
3983	0.88323
3984	0.88201
3985	0.88049
3986	0.87999
3987	0.87686
3988	0.87654
3989	0.87614
3990	0.87607
3991	0.87558
3992	0.87223
3993	0.87112
3994	0.87087
3995	0.86959
3996	0.86832
3997	0.86701
3998	0.86634
3999	0.86649
4000	0.8675
4001	0.86744
4002	0.86745
4003	0.86798
4004	0.86856
4005	0.86916
4006	0.86848
4007	0.86821
4008	0.86652
4009	0.86439
4010	0.86391
4011	0.86142
4012	0.85981
4013	0.85759
4014	0.85278
4015	0.8524
4016	0.85065
4017	0.84966
4018	0.84935
4019	0.84929
4020	0.84945
4021	0.84984
4022	0.85207
4023	0.85225
4024	0.85218
4025	0.8514
4026	0.85087
4027	0.8496
4028	0.84939
4029	0.84828
4030	0.84668
4031	0.84634
4032	0.84507
4033	0.84483
4034	0.84438
4035	0.84317
4036	0.84305
4037	0.84241
4038	0.84164
4039	0.84109
4040	0.83686
4041	0.83653
4042	0.83486
4043	0.83336
4044	0.83293
4045	0.83048
4046	0.82941
4047	0.82612
4048	0.81733
4049	0.81613
4050	0.80957
4051	0.80854
4052	0.80706
4053	0.80644
4054	0.80649
4055	0.80818
4056	0.81397
4057	0.81848
4058	0.82312
4059	0.82326
4060	0.82321
4061	0.82025
4062	0.81889
4063	0.81706
4064	0.81679
4065	0.81515
4066	0.81324
4067	0.81267
4068	0.81202
4069	0.8123
4070	0.81377
4071	0.81372
4072	0.8137
4073	0.81305
4074	0.81303
4075	0.81299
4076	0.81242
4077	0.8123
4078	0.81047
4079	0.81018
4080	0.8092
4081	0.80811
4082	0.80791
4083	0.80609
4084	0.80512
4085	0.80182
4086	0.80126
4087	0.80115
4088	0.79993
4089	0.79953
4090	0.79807
4091	0.79701
4092	0.79683
4093	0.79794
4094	0.79784
4095	0.7973
4096	0.79629
4097	0.79605
4098	0.796
4099	0.79591
4100	0.79534
4101	0.79441
4102	0.79409
4103	0.79287
4104	0.79274
4105	0.79161
4106	0.78964
4107	0.78858
4108	0.78623
4109	0.78606
4110	0.78433
4111	0.78371
4112	0.7831
4113	0.78192
4114	0.78186
4115	0.78181
4116	0.78199
4117	0.78235
4118	0.78124
4119	0.7811
4120	0.77989
4121	0.77977
4122	0.77924
4123	0.77827
4124	0.778
4125	0.7768
4126	0.77664
4127	0.77496
4128	0.77425
4129	0.77374
4130	0.77088
4131	0.77072
4132	0.76953
4133	0.76915
4134	0.76831
4135	0.76775
4136	0.76766
4137	0.76647
4138	0.76645
4139	0.76641
4140	0.76483
4141	0.76402
4142	0.76228
4143	0.76217
4144	0.76043
4145	0.75966
4146	0.75805
4147	0.75598
4148	0.75568
4149	0.75506
4150	0.75499
4151	0.75443
4152	0.75406
4153	0.7538
4154	0.75376
4155	0.75375
4156	0.75371
4157	0.75358
4158	0.75308
4159	0.75214
4160	0.75187
4161	0.7507
4162	0.7506
4163	0.74889
4164	0.74847
4165	0.74769
4166	0.74665
4167	0.74648
4168	0.74417
4169	0.74403
4170	0.74238
4171	0.74127
4172	0.74003
4173	0.73842
4174	0.73826
4175	0.73766
4176	0.7376
4177	0.73704
4178	0.7367
4179	0.73642
4180	0.73531
4181	0.73523
4182	0.73462
4183	0.7345
4184	0.73343
4185	0.73277
4186	0.73225
4187	0.73114
4188	0.73106
4189	0.72989
4190	0.72978
4191	0.7287
4192	0.7278
4193	0.72696
4194	0.72587
4195	0.72577
4196	0.72461
4197	0.72437
4198	0.72116
4199	0.72043
4200	0.71942
4201	0.71541
4202	0.71484
4203	0.71258
4204	0.71246
4205	0.71025
4206	0.71071
4207	0.71192
4208	0.71189
4209	0.71188
4210	0.71404
4211	0.7141
4212	0.71407
4213	0.71398
4214	0.71346
4215	0.71311
4216	0.71286
4217	0.71231
4218	0.71226
4219	0.71111
4220	0.71104
4221	0.70994
4222	0.70993
4223	0.7099
4224	0.70898
4225	0.70874
4226	0.70762
4227	0.70757
4228	0.70643
4229	0.70631
4230	0.70527
4231	0.70473
4232	0.70411
4233	0.7031
4234	0.70296
4235	0.70183
4236	0.70177
4237	0.7001
4238	0.69987
4239	0.69839
4240	0.69747
4241	0.69669
4242	0.69366
4243	0.69332
4244	0.69219
4245	0.69216
4246	0.69159
4247	0.69151
4248	0.691
4249	0.69041
4250	0.68986
4251	0.69081
4252	0.69093
4253	0.68982
4254	0.68977
4255	0.68811
4256	0.688
4257	0.68697
4258	0.6865
4259	0.68583
4260	0.68445
4261	0.68414
4262	0.68305
4263	0.68301
4264	0.68243
4265	0.68238
4266	0.6813
4267	0.68104
4268	0.68017
4269	0.6798
4270	0.67959
4271	0.67906
4272	0.67901
4273	0.6779
4274	0.67786
4275	0.67676
4276	0.67667
4277	0.67563
4278	0.6751
4279	0.67396
4280	0.67315
4281	0.67284
4282	0.67179
4283	0.67171
4284	0.67061
4285	0.67058
4286	0.66948
4287	0.66943
4288	0.6689
4289	0.66809
4290	0.66615
4291	0.65909
4292	0.65581
4293	0.64884
4294	0.6482
4295	0.6418
4296	0.64163
4297	0.63681
4298	0.63665
4299	0.63354
4300	0.63449
4301	0.63894
4302	0.63948
4303	0.64002
4304	0.64134
4305	0.64162
4306	0.64161
4307	0.64161
4308	0.6416
4309	0.64159
4310	0.64104
4311	0.64107
4312	0.64157
4313	0.64135
4314	0.64048
4315	0.63992
4316	0.63939
4317	0.63763
4318	0.63723
4319	0.63671
4320	0.63668
4321	0.63719
4322	0.63719
4323	0.63665
4324	0.63661
4325	0.63556
4326	0.63543
4327	0.63448
4328	0.6343
4329	0.63393
4330	0.63219
4331	0.63125
4332	0.62984
4333	0.62964
4334	0.62911
4335	0.62909
4336	0.6296
4337	0.6296
4338	0.62853
4339	0.62848
4340	0.62692
4341	0.62697
4342	0.62744
4343	0.62678
4344	0.62478
4345	0.6223
4346	0.62
4347	0.61384
4348	0.61205
4349	0.60575
4350	0.60518
4351	0.60056
4352	0.60043
4353	0.59677
4354	0.59674
4355	0.59727
4356	0.59733
4357	0.59939
4358	0.59942
4359	0.59992
4360	0.59992
4361	0.59992
4362	0.59992
4363	0.59992
4364	0.59862
4365	0.59782
4366	0.5974
4367	0.5973
4368	0.59876
4369	0.59888
4370	0.59685
4371	0.59678
4372	0.59679
4373	0.59677
4374	0.59471
4375	0.5947
4376	0.59522
4377	0.59519
4378	0.59418
4379	0.59429
4380	0.59574
4381	0.59543
4382	0.59366
4383	0.59397
4384	0.5947
4385	0.59393
4386	0.59314
4387	0.59278
4388	0.59262
4389	0.59004
4390	0.5895
4391	0.58998
4392	0.59002
4393	0.58953
4394	0.5895
4395	0.58798
4396	0.58795
4397	0.5859
4398	0.58588
4399	0.58486
4400	0.58483
4401	0.58279
4402	0.58267
4403	0.57609
4404	0.57592
4405	0.57094
4406	0.57052
4407	0.56375
4408	0.56369
4409	0.56325
4410	0.56253
4411	0.55915
4412	0.56001
4413	0.56226
4414	0.56247
4415	0.56279
4416	0.56335
4417	0.56383
4418	0.56282
4419	0.5623
4420	0.56153
4421	0.5613
4422	0.56217
4423	0.56233
4424	0.5628
4425	0.56286
4426	0.5643
4427	0.5644
4428	0.56295
4429	0.56288
4430	0.56289
4431	0.56289
4432	0.56041
4433	0.56036
4434	0.56087
4435	0.56088
4436	0.55787
4437	0.55784
4438	0.56037
4439	0.56038
4440	0.55838
4441	0.55837
4442	0.55838
4443	0.55837
4444	0.55586
4445	0.55588
4446	0.55739
4447	0.55735
4448	0.55336
4449	0.55339
4450	0.5559
4451	0.55587
4452	0.55439
4453	0.55437
4454	0.55339
4455	0.55336
4456	0.55189
4457	0.55191
4458	0.55241
4459	0.55233
4460	0.54991
4461	0.54965
4462	0.54289
4463	0.54279
4464	0.5404
4465	0.54023
4466	0.5364
4467	0.53625
4468	0.53292
4469	0.53285
4470	0.53144
4471	0.53158
4472	0.53447
4473	0.53442
4474	0.53349
4475	0.53354
4476	0.53451
4477	0.53449
4478	0.53403
4479	0.53397
4480	0.53256
4481	0.5326
4482	0.53357
4483	0.53357
4484	0.53359
4485	0.53361
4486	0.53411
4487	0.53411
4488	0.53412
4489	0.53408
4490	0.53216
4491	0.53211
4492	0.5297
4493	0.52972
4494	0.5312
4495	0.53117
4496	0.52875
4497	0.52877
4498	0.53074
4499	0.53075
4500	0.53125
4501	0.53124
4502	0.52831
4503	0.52831
4504	0.52586
4505	0.52586
4506	0.52686
4507	0.52686
4508	0.52199
4509	0.52196
4510	0.52198
4511	0.52198
4512	0.52443
4513	0.52446
4514	0.52255
4515	0.52251
4516	0.52206
4517	0.52204
4518	0.52159
4519	0.52157
4520	0.51659
4521	0.51621
4522	0.51059
4523	0.50987
4524	0.5099
4525	0.5099
4526	0.50742
4527	0.50651
4528	0.50444
4529	0.50313
4530	0.50451
4531	0.50608
4532	0.50751
4533	0.51049
4534	0.5097
4535	0.50662
4536	0.50663
4537	0.50665
4538	0.50687
4539	0.51007
4540	0.50995
4541	0.50622
4542	0.50619
4543	0.50479
4544	0.5048
4545	0.50675
4546	0.50675
4547	0.5029
4548	0.5029
4549	0.50101
4550	0.501
4551	0.50483
4552	0.50488
4553	0.50397
4554	0.50394
4555	0.50307
4556	0.503
4557	0.50425
4558	0.50447
4559	0.50414
4560	0.50401
4561	0.50237
4562	0.50067
4563	0.50015
4564	0.49877
4565	0.49847
4566	0.4964
4567	0.4964
4568	0.49642
4569	0.49641
4570	0.49597
4571	0.49597
4572	0.49599
4573	0.49599
4574	0.49602
4575	0.49602
4576	0.49651
4577	0.49652
4578	0.49562
4579	0.49559
4580	0.49128
4581	0.49085
4582	0.48798
4583	0.48706
4584	0.48474
4585	0.48234
4586	0.48245
4587	0.48284
4588	0.48273
4589	0.48145
4590	0.48142
4591	0.48006
4592	0.48007
4593	0.48199
4594	0.48199
4595	0.48439
4596	0.48439
4597	0.48022
4598	0.48016
4599	0.48019
4600	0.48019
4601	0.48329
4602	0.484
4603	0.48229
4604	0.48072
4605	0.48063
4606	0.48028
4607	0.48039
4608	0.48219
4609	0.48217
4610	0.48081
4611	0.48081
4612	0.47613
4613	0.47613
4614	0.47942
4615	0.47945
4616	0.47723
4617	0.47713
4618	0.47639
4619	0.47622
4620	0.47578
4621	0.47531
4622	0.47547
4623	0.47628
4624	0.4762
4625	0.47397
4626	0.47398
4627	0.47633
4628	0.47633
4629	0.47403
4630	0.47403
4631	0.47496
4632	0.47498
4633	0.4738
4634	0.47361
4635	0.47291
4636	0.47224
4637	0.47196
4638	0.47041
4639	0.47041
4640	0.47044
4641	0.47044
4642	0.46908
4643	0.46908
4644	0.46543
4645	0.4654
4646	0.46411
4647	0.46404
4648	0.45931
4649	0.4575
4650	0.45707
4651	0.45592
4652	0.45586
4653	0.45475
4654	0.45475
4655	0.45405
4656	0.45405
4657	0.45603
4658	0.45603
4659	0.46077
4660	0.46099
4661	0.45981
4662	0.45937
4663	0.4592
4664	0.45871
4665	0.45883
4666	0.462
4667	0.462
4668	0.45836
4669	0.45836
4670	0.45689
4671	0.45688
4672	0.45787
4673	0.45796
4674	0.45771
4675	0.45749
4676	0.45722
4677	0.455
4678	0.45501
4679	0.45563
4680	0.45563
4681	0.45561
4682	0.45561
4683	0.45503
4684	0.455
4685	0.45416
4686	0.45376
4687	0.45384
4688	0.45424
4689	0.45423
4690	0.45386
4691	0.45386
4692	0.45343
4693	0.45343
4694	0.45054
4695	0.45042
4696	0.45103
4697	0.45132
4698	0.45111
4699	0.44994
4700	0.44994
4701	0.44974
4702	0.44974
4703	0.4472
4704	0.4472
4705	0.44863
4706	0.44872
4707	0.4477
4708	0.44681
4709	0.44667
4710	0.44499
4711	0.44499
4712	0.44308
4713	0.44308
4714	0.44125
4715	0.44123
4716	0.44095
4717	0.4409
4718	0.44109
4719	0.4417
4720	0.44167
4721	0.44043
4722	0.44043
4723	0.441
4724	0.441
4725	0.44371
4726	0.4439
4727	0.44265
4728	0.44115
4729	0.44101
4730	0.43792
4731	0.43792
4732	0.43974
4733	0.43974
4734	0.43804
4735	0.43798
4736	0.43628
4737	0.43512
4738	0.43522
4739	0.43671
4740	0.43671
4741	0.43683
4742	0.43683
4743	0.4356
4744	0.43557
4745	0.43447
4746	0.43382
4747	0.43387
4748	0.43456
4749	0.43456
4750	0.43171
4751	0.43171
4752	0.43213
4753	0.43215
4754	0.43118
4755	0.43041
4756	0.43047
4757	0.43172
4758	0.43172
4759	0.43021
4760	0.43021
4761	0.42957
4762	0.42953
4763	0.42918
4764	0.4286
4765	0.42858
4766	0.42792
4767	0.42792
4768	0.42567
4769	0.42567
4770	0.42536
4771	0.42531
4772	0.42509
4773	0.42394
4774	0.42394
4775	0.42134
4776	0.42134
4777	0.42133
4778	0.42133
4779	0.42138
4780	0.42141
4781	0.42132
4782	0.419
4783	0.419
4784	0.42056
4785	0.42056
4786	0.42156
4787	0.42169
4788	0.42114
4789	0.41845
4790	0.41845
4791	0.41678
4792	0.41678
4793	0.41936
4794	0.41943
4795	0.41805
4796	0.41642
4797	0.41638
4798	0.41415
4799	0.41415
4800	0.41549
4801	0.41549
4802	0.41549
4803	0.41548
4804	0.41532
4805	0.41227
4806	0.41227
4807	0.41209
4808	0.41209
4809	0.4122
4810	0.41221
4811	0.41223
4812	0.41238
4813	0.41238
4814	0.41168
4815	0.41168
4816	0.41231
4817	0.41236
4818	0.41202
4819	0.4105
4820	0.4105
4821	0.41096
4822	0.41096
4823	0.40944
4824	0.40936
4825	0.40922
4826	0.40875
4827	0.40875
4828	0.40639
4829	0.40639
4830	0.40832
4831	0.40839
4832	0.40808
4833	0.40714
4834	0.40714
4835	0.40713
4836	0.40713
4837	0.40582
4838	0.40576
4839	0.40574
4840	0.40566
4841	0.40566
4842	0.40395
4843	0.40395
4844	0.40294
4845	0.40288
4846	0.40284
4847	0.40261
4848	0.40261
4849	0.40095
4850	0.40095
4851	0.39981
4852	0.39967
4853	0.39968
4854	0.39987
4855	0.39987
4856	0.40029