M3G20090415T202222_V00_LOC.IMG  1002  1908  2452     2  3460 23153 26238      923580  Sat Sep 19 20:49:21 2009
M3G20090415T222023_V00_LOC.IMG  1004  2046  2363     1  3473 23170 26266      924489  Sat Sep 19 20:51:24 2009
M3G20090416T081001_V00_LOC.IMG  1019  1561  2165     5  3463 13302 16406      927024  Sat Sep 19 21:10:26 2009
M3G20090416T160201_V00_LOC.IMG  1029  1158  2007    31  3483 21125 24238      929242  Sat Sep 19 21:17:15 2009
M3G20090416T200002_V00_LOC.IMG  1035  1132  1926   945  3498     1  2284      682148  Sat Sep 19 21:20:09 2009
M3G20090416T235340_V00_LOC.IMG  1041   775  1843    82  3514 12020 15137      930515  Sat Sep 19 21:23:15 2009
M3G20090417T074540_V00_LOC.IMG  1052   373  1679   166  3557 23211 26329      930892  Sat Sep 19 21:40:05 2009
M3G20090417T114121_V00_LOC.IMG  1056   175  1588   218  3585 23267 26384      930760  Sat Sep 19 21:45:37 2009
M3G20090417T153721_V00_LOC.IMG  1062     2  1497   278  3606  6350  9463      868401  Sat Sep 19 21:48:42 2009
M3G20090417T193504_V00_LOC.IMG  1069     2  1408   345  3607 22490 25596      419230  Sat Sep 19 21:54:39 2009
