M3G20090416T070435_V00_LOC.IMG  1017  1273  2112  2347  4255     1  1691      505855  Sat Sep 19 21:09:02 2009
M3G20090416T143454_V00_LOC.IMG  1027  1128  2119  2236  4202     1  1769      529142  Sat Sep 19 21:14:26 2009
M3G20090416T181121_V00_LOC.IMG  1032  1057  2133  2172  4170     1  1817      543641  Sat Sep 19 21:18:13 2009
M3G20090416T224811_V00_LOC.IMG  1039   989  2152  2111  4136     1  1865      558046  Sat Sep 19 21:22:06 2009
M3G20090417T055901_V00_LOC.IMG  1049   851  1773  2733  4058     1  1205      359975  Sat Sep 19 21:33:48 2009
M3G20090417T064521_V00_LOC.IMG  1050  1519  2094  2173  2877     1   571      171300  Sat Sep 19 21:37:56 2009
M3G20090417T095500_V00_LOC.IMG  1054   791  2126  2110  4019     1  1833      548330  Sat Sep 19 21:40:55 2009
M3G20090417T143428_V00_LOC.IMG  1060   737  2156  2070  3977     1   598      179020  Sat Sep 19 21:47:35 2009
M3G20090417T175147_V00_LOC.IMG  1066   675  2074  2169  3934     1  1751      523926  Sat Sep 19 21:50:51 2009
M3G20090418T132620_V00_LOC.IMG  1093   430  1397  2771  3702     1   925      276452  Sat Sep 19 22:26:32 2009
M3G20090418T174554_V00_LOC.IMG  1097   390  2185  2048  3655     1  1881      563302  Sat Sep 19 22:32:59 2009
M3G20090419T013221_V00_LOC.IMG  1103   310  2023  2168  3545     1  1703      509948  Sat Sep 19 22:39:11 2009
M3G20090419T050945_V00_LOC.IMG  1108   275  1920  2234  3490     1  1591      476354  Sat Sep 19 22:43:08 2009
M3G20090419T130145_V00_LOC.IMG  1113   211  1967  2188  3377     1  1652      494776  Sat Sep 19 22:50:55 2009
M3G20090419T171612_V00_LOC.IMG  1118   181  1987  2171  3317     1  1678      502551  Sat Sep 19 22:57:32 2009
M3G20090419T210449_V00_LOC.IMG  1125   153  2000  2157  3254     1  1698      508490  Sat Sep 19 23:02:06 2009
M3G20090420T185324_V00_LOC.IMG  1160    36  1000  2347  2860     1   822      245738  Sat Sep 19 23:47:06 2009
M3G20090420T191718_V00_LOC.IMG  1161   931  1923  2125  2649     1   844      253200  Sat Sep 19 23:48:31 2009
M3G20090422T000145_V00_LOC.IMG  1192     1  1947  1973  2376     1  1729      517789  Sun Sep 20 00:33:48 2009
M3G20090422T095145_V00_LOC.IMG  1196     3  1494  1773  2298     1  1315      393337  Sun Sep 20 00:39:11 2009
M3G20090422T134730_V00_LOC.IMG  1200     8  1433  1692  2257     1  1252      374602  Sun Sep 20 00:43:03 2009
M3G20090422T174330_V00_LOC.IMG  1204    16  1207  1610  2171     1  1037      310164  Sun Sep 20 00:46:54 2009
M3G20090422T213930_V00_LOC.IMG  1209    28  1157  1522  2108     1   978      292492  Sun Sep 20 00:50:33 2009
M3G20090422T235626_V00_LOC.IMG  1212    35   781  1480  1977     1   624      186017  Sun Sep 20 00:53:27 2009
M3G20090423T002341_V00_LOC.IMG  1213   698  1927  1672  2299     1  1061      318300  Sun Sep 20 00:54:26 2009
M3G20090423T033430_V00_LOC.IMG  1218    53  2036  1395  2311     1  1780      532864  Sun Sep 20 00:56:43 2009
M3G20090423T073030_V00_LOC.IMG  1223    75  1996  1314  2276     1  1732      518569  Sun Sep 20 01:01:03 2009
M3G20090423T112645_V00_LOC.IMG  1228   101  1937  1234  2224     1  1660      497064  Sun Sep 20 01:10:00 2009
M3G20090423T155943_V00_LOC.IMG  1234   127  2060  1162  2260     1  1772      530767  Sun Sep 20 01:15:27 2009
M3G20090423T191943_V00_LOC.IMG  1239   158  2025  1087  2222     1  1726      516748  Sun Sep 20 01:18:28 2009
M3G20090424T031100_V00_LOC.IMG  1249   232  1956   940  2133     1  1630      488150  Sun Sep 20 01:25:38 2009
M3G20090424T070715_V00_LOC.IMG  1254   271  2059   871  2173     1  1722      515847  Sun Sep 20 01:29:40 2009
M3G20090424T191252_V00_LOC.IMG  1258   404  1382   676  1549     1   902      269769  Sun Sep 20 01:34:08 2009
M3G20090424T194108_V00_LOC.IMG  1259  1190  2069  1311  2111     1   791      237300  Sun Sep 20 01:35:15 2009
M3G20090424T232308_V00_LOC.IMG  1265   455  2031   613  2048     1  1631      488458  Sun Sep 20 01:40:08 2009
M3G20090425T030840_V00_LOC.IMG  1270   507  1636   556  1641     1  1124      336313  Sun Sep 20 01:42:31 2009
M3G20090425T071316_V00_LOC.IMG  1276   570  2090   494  2030     1  1655      495628  Sun Sep 20 01:47:50 2009
M3G20090425T222745_V00_LOC.IMG  1282   851  1719   282  1304     1   937      279905  Sun Sep 20 01:55:29 2009
M3G20090426T061945_V00_LOC.IMG  1288  1013  2364   192  2103     1  1846      552241  Sun Sep 20 02:01:03 2009
M3G20090426T142319_V00_LOC.IMG  1296  1172  2371   123  2030     1  1786      534065  Sun Sep 20 02:07:50 2009
