M3G20090424T045415_V00_LOC.IMG  1250  2891  2963  3461  3606     1   131        2149  Sun Sep 20 01:27:15 2009
M3G20090424T065215_V00_LOC.IMG  1253  2849  2971  3418  3606     1   157        8729  Sun Sep 20 01:29:12 2009
M3G20090424T085015_V00_LOC.IMG  1255  2818  2984  3368  3606     1   196       16878  Sun Sep 20 01:31:25 2009
M3G20090424T104815_V00_LOC.IMG  1257  2771  2994  3326  3607     1   218       28362  Sun Sep 20 01:33:50 2009
M3G20090424T203830_V00_LOC.IMG  1260  2565  2948  3271  3595     1   215       62345  Sun Sep 20 01:35:17 2009
M3G20090424T223630_V00_LOC.IMG  1263  2528  2910  3228  3561     1   227       68100  Sun Sep 20 01:38:36 2009
M3G20090425T003445_V00_LOC.IMG  1266  2483  2835  3341  3567     1   136       38675  Sun Sep 20 01:40:55 2009
M3G20090425T023245_V00_LOC.IMG  1268  2438  2796  3293  3554     1   171       49137  Sun Sep 20 01:41:29 2009
M3G20090425T043045_V00_LOC.IMG  1271  2393  2753  3252  3541     1   201       57928  Sun Sep 20 01:43:40 2009
M3G20090425T062900_V00_LOC.IMG  1274  2347  2679  3376  3529     1    85       22977  Sun Sep 20 01:46:28 2009
M3G20090425T082700_V00_LOC.IMG  1277  2296  2631  3343  3517     1   109       29990  Sun Sep 20 01:48:30 2009
M3G20090425T221315_V00_LOC.IMG  1281  1952  2287  3319  3463     1   120       32244  Sun Sep 20 01:55:06 2009
M3G20090426T001115_V00_LOC.IMG  1283  1900  2234  3301  3459     1   138       37590  Sun Sep 20 01:57:04 2009
M3G20090426T040730_V00_LOC.IMG  1285  1802  2130  3436  3467     1    28        4071  Sun Sep 20 01:58:46 2009
M3G20090426T060530_V00_LOC.IMG  1287  1759  2086  3423  3472     1    44        8812  Sun Sep 20 02:00:35 2009
M3G20090426T080330_V00_LOC.IMG  1289  1711  2038  3408  3477     1    56       12574  Sun Sep 20 02:02:39 2009
M3G20090426T115930_V00_LOC.IMG  1291  1612  1942  3379  3492     1    85       21027  Sun Sep 20 02:04:26 2009
M3G20090426T135730_V00_LOC.IMG  1294  1564  1894  3371  3501     1    95       23965  Sun Sep 20 02:07:00 2009
M3G20090426T155530_V00_LOC.IMG  1297  1516  1847  3366  3511     1   104       26369  Sun Sep 20 02:09:03 2009
M3G20090426T175330_V00_LOC.IMG  1300  1468  1801  3362  3521     1   112       28777  Sun Sep 20 02:10:29 2009
