M3G20090417T055901_V00_LOC.IMG  1049  4137  4254     1  3447 13423 16499      270302  Sat Sep 19 21:35:42 2009
M3G20090417T074540_V00_LOC.IMG  1052  3907  4254     1  3447  7796 10875      922043  Sat Sep 19 21:38:44 2009
M3G20090417T095500_V00_LOC.IMG  1054  3675  4022     1  3447 14114 17193      922030  Sat Sep 19 21:42:41 2009
M3G20090417T114121_V00_LOC.IMG  1056  3444  3791     1  3447  7853 10932      922090  Sat Sep 19 21:44:35 2009
M3G20090417T155652_V00_LOC.IMG  1063  2982  3327     1  3447  7912 10990      921942  Sat Sep 19 21:49:55 2009
M3G20090417T175147_V00_LOC.IMG  1066  2751  3095     1  3447 14034 17112      921853  Sat Sep 19 21:51:43 2009
M3G20090417T193504_V00_LOC.IMG  1069  2520  2862     1  3447  7079 10156      921587  Sat Sep 19 21:53:21 2009
M3G20090418T132620_V00_LOC.IMG  1093   450   779     1  3447 13238 16313      921348  Sat Sep 19 22:28:04 2009
M3G20090418T151350_V00_LOC.IMG  1094   221   548     1  3447  8081 11157      921477  Sat Sep 19 22:30:16 2009
M3G20090418T172221_V00_LOC.IMG  1096     1   318     1  3447   193  3268      917861  Sat Sep 19 22:32:05 2009
M3G20090418T190900_V00_LOC.IMG  1099     1    87     1  3447   957  4030      230773  Sat Sep 19 22:35:12 2009
