M3G20090416T062321_V00_LOC.IMG  1016  1382  1763  2261  3595     1  1194      357362  Sat Sep 19 21:06:08 2009
M3G20090416T070435_V00_LOC.IMG  1017  1464  1904   112  2278  1673  3579      567845  Sat Sep 19 21:09:11 2009
M3G20090416T143454_V00_LOC.IMG  1027   986  1734    74  3555  1750  4847      924039  Sat Sep 19 21:14:43 2009
M3G20090416T181121_V00_LOC.IMG  1032   790  1649    52  3526  1799  4893      923545  Sat Sep 19 21:18:32 2009
M3G20090416T220701_V00_LOC.IMG  1038   594  1127  2212  3489     1  1125      336757  Sat Sep 19 21:20:45 2009
M3G20090416T224811_V00_LOC.IMG  1039   840  1566    27  2267  1847  3814      586154  Sat Sep 19 21:22:11 2009
M3G20090417T055901_V00_LOC.IMG  1049   203  1398     2  3393  1199  4217      863981  Sat Sep 19 21:34:15 2009
M3G20090417T095500_V00_LOC.IMG  1054    15  1322     2  3337  1832  4907      678405  Sat Sep 19 21:41:29 2009
M3G20090417T142240_V00_LOC.IMG  1059     2   612  1787  3274     1  1396      131827  Sat Sep 19 21:46:54 2009
M3G20090417T143428_V00_LOC.IMG  1060  1042  1252     5   455   598   689        5203  Sat Sep 19 21:47:43 2009
