M3G20090416T141521_V00_LOC.IMG  1026  3855  4189  1074  1953     1   782      106921  Sat Sep 19 21:14:02 2009
M3G20090416T160201_V00_LOC.IMG  1029  3386  4378   192  3616 18038 21132      783945  Sat Sep 19 21:16:42 2009
M3G20090416T181121_V00_LOC.IMG  1032  3614  4224   162  1871 26406 27896      445922  Sat Sep 19 21:19:40 2009
M3G20090416T220701_V00_LOC.IMG  1038  3332  3912   108  1967 22644 24272      487105  Sat Sep 19 21:21:50 2009
M3G20090416T235340_V00_LOC.IMG  1041  3001  3762    87  3556  8928 12027      927830  Sat Sep 19 21:23:03 2009
M3G20090417T055901_V00_LOC.IMG  1049  2833  3282    34  1759 25743 27257      452985  Sat Sep 19 21:37:42 2009
M3G20090417T074540_V00_LOC.IMG  1052  2588  3120    22  3493 20117 23218      928444  Sat Sep 19 21:39:43 2009
M3G20090417T095500_V00_LOC.IMG  1054  2569  2958    13  1671 26436 27896      436962  Sat Sep 19 21:43:40 2009
M3G20090417T114121_V00_LOC.IMG  1056  2381  2795     6  3472 20173 23274      928241  Sat Sep 19 21:45:15 2009
M3G20090417T135100_V00_LOC.IMG  1058  2299  2632     2  1589  8525  9928      419824  Sat Sep 19 21:46:36 2009
M3G20090417T153721_V00_LOC.IMG  1062  2154  2482     1  3458  3256  6355      927901  Sat Sep 19 21:48:11 2009
M3G20090417T174641_V00_LOC.IMG  1065  1990  2341     1  1746  1463  3009      462768  Sat Sep 19 21:50:31 2009
M3G20090417T193504_V00_LOC.IMG  1069  1827  2271     2  3456 19392 22489      927554  Sat Sep 19 21:53:59 2009
M3G20090418T132620_V00_LOC.IMG  1093   362   975   129  1805 25530 26990      437139  Sat Sep 19 22:29:16 2009
M3G20090418T151350_V00_LOC.IMG  1094   201  1210   157  3591 20372 23455      923893  Sat Sep 19 22:30:59 2009
M3G20090418T172221_V00_LOC.IMG  1096    39   688   189  1805 12481 13886      420895  Sat Sep 19 22:32:35 2009
M3G20090418T190900_V00_LOC.IMG  1099     1   996   224  3615 13244 16322      567474  Sat Sep 19 22:37:25 2009
