M3G20090425T202308_V00_LOC.IMG  1280  3262  4233   161  3614 20061 23155      926824  Sun Sep 20 01:54:49 2009
M3G20090425T222745_V00_LOC.IMG  1282  3450  4083   135  1985 25554 27171      484287  Sun Sep 20 01:56:55 2009
M3G20090426T001430_V00_LOC.IMG  1284  3083  3937   111  3574 16214 19308      926845  Sun Sep 20 01:58:13 2009
M3G20090426T041030_V00_LOC.IMG  1286  2897  3636    68  3539 20135 23230      926805  Sun Sep 20 02:00:08 2009
M3G20090426T061945_V00_LOC.IMG  1288  2962  3480    51  1970 26456 28138      503456  Sun Sep 20 02:02:29 2009
M3G20090426T080645_V00_LOC.IMG  1290  2704  3327    37  3510 12187 15282      926785  Sun Sep 20 02:03:43 2009
M3G20090426T120245_V00_LOC.IMG  1292  2515  3020    15  3485 12861 15956      926748  Sun Sep 20 02:05:51 2009
M3G20090426T141200_V00_LOC.IMG  1295  2481  2865     8  1803  5096  6678      473498  Sun Sep 20 02:07:24 2009
M3G20090426T160558_V00_LOC.IMG  1299  2324  2710     3  3468 12445 15541      926575  Sun Sep 20 02:10:18 2009
M3G20090426T180800_V00_LOC.IMG  1301  2231  2554     2  1799  6713  8305      476443  Sun Sep 20 02:10:59 2009
M3G20090426T195445_V00_LOC.IMG  1303  2075  2448     1  3457  5904  8998      926160  Sun Sep 20 02:12:15 2009
M3G20090426T235045_V00_LOC.IMG  1305  1765  2252     2  3457  4210  7290      921646  Sun Sep 20 02:13:18 2009
