M3G20090417T094021_V00_LOC.IMG  1053  2743  2922  3500  3606     1    50        5898  Sat Sep 19 21:40:29 2009
M3G20090417T113820_V00_LOC.IMG  1055  2703  2913  3512  3606     1    27        2606  Sat Sep 19 21:43:49 2009
M3G20090419T005930_V00_LOC.IMG  1100  2010  2342  3352  3468     1    89       24005  Sat Sep 19 22:38:07 2009
M3G20090419T025730_V00_LOC.IMG  1104  1975  2304  3371  3465     1    74       19498  Sat Sep 19 22:40:42 2009
M3G20090419T045530_V00_LOC.IMG  1107  1940  2266  3389  3462     1    58       15063  Sat Sep 19 22:42:41 2009
M3G20090419T065330_V00_LOC.IMG  1109  1905  2229  3407  3459     1    45       11098  Sat Sep 19 22:44:38 2009
M3G20090419T124730_V00_LOC.IMG  1112  1798  2120  3442  3467     1    12        1544  Sat Sep 19 22:50:29 2009
M3G20090419T144530_V00_LOC.IMG  1114  1763  2085  3452  3471     1     2          32  Sat Sep 19 22:53:49 2009
M3G20090419T164315_V00_LOC.IMG  1116  1714  2047  3291  3475     1   142       40509  Sat Sep 19 22:56:13 2009
M3G20090419T184115_V00_LOC.IMG  1119  1676  2010  3303  3481     1   132       37506  Sat Sep 19 22:59:19 2009
M3G20090419T203915_V00_LOC.IMG  1123  1638  1973  3316  3487     1   122       34293  Sat Sep 19 23:01:19 2009
M3G20090419T223715_V00_LOC.IMG  1126  1600  1936  3328  3493     1   113       31521  Sat Sep 19 23:03:22 2009
M3G20090420T122315_V00_LOC.IMG  1149  1334  1660  3421  3557     1    58       14818  Sat Sep 19 23:26:00 2009
M3G20090420T181715_V00_LOC.IMG  1158  1221  1540  3474  3596     1    32        6887  Sat Sep 19 23:45:34 2009
M3G20090420T201515_V00_LOC.IMG  1162  1198  1501  3497  3606     1    19        2804  Sat Sep 19 23:48:35 2009
M3G20090421T001100_V00_LOC.IMG  1164  1149  1422  3381  3606     1   144       29141  Sat Sep 19 23:50:30 2009
M3G20090421T080300_V00_LOC.IMG  1176  1163  1276  3469  3606     1   107        6984  Sun Sep 20 00:08:18 2009
