M3G20090415T202222_V00_LOC.IMG  1002  3451  4062    17  3476  4754  7828      920495  Sat Sep 19 20:47:19 2009
M3G20090415T222023_V00_LOC.IMG  1004  3260  3837    33  3491  4770  7843      920427  Sat Sep 19 20:50:30 2009
M3G20090416T062321_V00_LOC.IMG  1016  2494  2935    74  3529  7334 10408      920399  Sat Sep 19 21:07:01 2009
M3G20090416T084125_V00_LOC.IMG  1020  2301  2707    80  3533  4838  7914      921020  Sat Sep 19 21:11:22 2009
M3G20090416T101921_V00_LOC.IMG  1022  2107  2481    83  3535  2941  6016      920586  Sat Sep 19 21:11:59 2009
M3G20090416T122951_V00_LOC.IMG  1024  1913  2252    84  3535  4872  7948      920933  Sat Sep 19 21:13:32 2009
M3G20090416T143454_V00_LOC.IMG  1027  1719  2025    81  3535 10984 14059      920733  Sat Sep 19 21:15:11 2009
M3G20090416T160201_V00_LOC.IMG  1029  1495  1815    76  3533  2667  5741      920514  Sat Sep 19 21:15:52 2009
M3G20090416T181121_V00_LOC.IMG  1032  1267  1621    69  3529 11029 14105      920948  Sat Sep 19 21:19:01 2009
M3G20090416T220701_V00_LOC.IMG  1038   809  1231    49  3512  7261 10337      921045  Sat Sep 19 21:21:10 2009
M3G20090417T002252_V00_LOC.IMG  1042   577  1031    36  3501  4601  7678      921192  Sat Sep 19 21:23:54 2009
M3G20090417T055901_V00_LOC.IMG  1049     2   446     2  3453 10356 13428      479666  Sat Sep 19 21:35:24 2009
