M3G20090424T045715_V00_LOC.IMG  1251  2884  3055  3219  3606  2383  2745        4574  Sun Sep 20 01:27:24 2009
M3G20090424T085330_V00_LOC.IMG  1256  2811  4111   364  3606 22749 25850      164814  Sun Sep 20 01:33:05 2009
M3G20090424T204145_V00_LOC.IMG  1261  2588  3847   191  3606  4686  7785      928613  Sun Sep 20 01:35:48 2009
M3G20090425T003800_V00_LOC.IMG  1267  2511  3303  1591  3578     1  1748      523798  Sun Sep 20 01:41:13 2009
M3G20090425T043400_V00_LOC.IMG  1272  2441  3475   106  3556  6446  9543      927648  Sun Sep 20 01:44:43 2009
M3G20090425T083000_V00_LOC.IMG  1278  2373  3294    75  3538  9981 13079      927633  Sun Sep 20 01:49:32 2009
M3G20090425T202308_V00_LOC.IMG  1280  2228  2747    13  2694 23150 25553      719961  Sun Sep 20 01:54:56 2009
M3G20090426T001430_V00_LOC.IMG  1284  2104  2566     4  3483 19302 22411      929039  Sun Sep 20 01:58:24 2009
M3G20090426T041030_V00_LOC.IMG  1286  2035  2379     1  3472 23224 26334      929197  Sun Sep 20 02:00:17 2009
M3G20090426T080645_V00_LOC.IMG  1290  1865  2293     1  3464 15275 18386      929135  Sun Sep 20 02:04:05 2009
M3G20090426T120245_V00_LOC.IMG  1292  1676  2223     1  3459 15949 19061      929146  Sun Sep 20 02:05:59 2009
M3G20090426T155845_V00_LOC.IMG  1298  1581  2150   964  3465     1  2230      665810  Sun Sep 20 02:09:14 2009
M3G20090426T160558_V00_LOC.IMG  1299  1485  1898     7   993 15533 16412      262196  Sun Sep 20 02:10:23 2009
M3G20090426T195445_V00_LOC.IMG  1303  1294  2074    18  3473  8990 12101      928292  Sun Sep 20 02:12:25 2009
M3G20090426T235045_V00_LOC.IMG  1305  1102  1996    37  3483  7281 10402      931205  Sun Sep 20 02:13:28 2009
