M3G20090416T062321_V00_LOC.IMG  1016  3521  4077    70  3539 19604 22683      922007  Sat Sep 19 21:08:27 2009
M3G20090416T081001_V00_LOC.IMG  1019  3362  3887    55  3523  7147 10227      922513  Sat Sep 19 21:09:52 2009
M3G20090416T101921_V00_LOC.IMG  1022  3203  3697    42  3509 15220 18302      923077  Sat Sep 19 21:12:32 2009
M3G20090416T160201_V00_LOC.IMG  1029  2724  3120    13  3476 14956 18043      924615  Sat Sep 19 21:16:26 2009
M3G20090416T181121_V00_LOC.IMG  1032  2565  2926     7  3468 23322 26411      925018  Sat Sep 19 21:19:35 2009
M3G20090416T220701_V00_LOC.IMG  1038  2238  2560     2  3457 19552 22650      927775  Sat Sep 19 21:21:44 2009
M3G20090416T235340_V00_LOC.IMG  1041  2048  2407     1  3454  5842  8934      925903  Sat Sep 19 21:22:49 2009
M3G20090417T055901_V00_LOC.IMG  1049  1456  1920     6  3462 22655 25749      926359  Sat Sep 19 21:37:31 2009
M3G20090417T074540_V00_LOC.IMG  1052  1258  1756    11  3469 17029 20122      926410  Sat Sep 19 21:39:30 2009
M3G20090417T095500_V00_LOC.IMG  1054  1060  1593    18  3477 23348 26441      926428  Sat Sep 19 21:43:33 2009
M3G20090417T114121_V00_LOC.IMG  1056   863  1429    28  3487 17086 20179      926363  Sat Sep 19 21:45:02 2009
M3G20090417T135100_V00_LOC.IMG  1058   665  1265    39  3499  5438  8530      926210  Sat Sep 19 21:46:32 2009
M3G20090417T153721_V00_LOC.IMG  1062   469  1101    52  3512   170  3261      926036  Sat Sep 19 21:48:03 2009
M3G20090417T174641_V00_LOC.IMG  1065   456   937  1853  3527     1  1468      439932  Sat Sep 19 21:50:27 2009
M3G20090417T175147_V00_LOC.IMG  1066   271   758    68  1882 23264 24886      485590  Sat Sep 19 21:52:08 2009
M3G20090417T193504_V00_LOC.IMG  1069    73   772    85  3544 16307 19397      925628  Sat Sep 19 21:53:47 2009
