M3G20090422T000145_V00_LOC.IMG  1192  2802  3267    21  3480 23138 26199      917426  Sun Sep 20 00:36:17 2009
M3G20090422T014800_V00_LOC.IMG  1194  2642  3071    12  3471 16518 19578      917151  Sun Sep 20 00:37:53 2009
M3G20090422T095145_V00_LOC.IMG  1196  1978  2301     2  3453 22958 26053      927604  Sun Sep 20 00:40:26 2009
M3G20090422T113800_V00_LOC.IMG  1198  1806  2137     2  3456 16294 19388      927378  Sun Sep 20 00:41:50 2009
M3G20090422T134730_V00_LOC.IMG  1200  1612  1977     3  3460 22892 25986      927189  Sun Sep 20 00:44:19 2009
M3G20090422T153400_V00_LOC.IMG  1202  1418  1816     7  3466 16221 19315      926946  Sun Sep 20 00:45:45 2009
M3G20090422T174330_V00_LOC.IMG  1204  1226  1656    12  3473 22673 25766      926742  Sun Sep 20 00:48:07 2009
M3G20090422T193000_V00_LOC.IMG  1206  1035  1498    20  3482  8466 11557      926481  Sun Sep 20 00:49:05 2009
M3G20090422T213930_V00_LOC.IMG  1209   843  1340    29  3492 22609 25700      926317  Sun Sep 20 00:51:55 2009
M3G20090422T232600_V00_LOC.IMG  1211   652  1183    41  3504  4325  7415      926108  Sun Sep 20 00:52:41 2009
M3G20090423T012445_V00_LOC.IMG  1215   461  1025    53  3517 12229 15318      925782  Sun Sep 20 00:55:26 2009
M3G20090423T033430_V00_LOC.IMG  1218   269   869    68  3533 23390 26479      925671  Sun Sep 20 00:57:59 2009
M3G20090423T052045_V00_LOC.IMG  1220    78   713    85  3550  7200 10289      925615  Sun Sep 20 00:58:56 2009
M3G20090423T073030_V00_LOC.IMG  1223     1   558   104  3552 23321 26409      541873  Sun Sep 20 01:05:08 2009
M3G20090423T093030_V00_LOC.IMG  1226   235   404  2213  3552 18545 19734        8460  Sun Sep 20 01:09:24 2009
