M3G20090417T055901_V00_LOC.IMG  1049  4092  4246    98  1771 19573 21057       12925  Sat Sep 19 21:36:51 2009
M3G20090417T074540_V00_LOC.IMG  1052  3745  4247    78  3534 13947 17034      654695  Sat Sep 19 21:39:13 2009
M3G20090417T095500_V00_LOC.IMG  1054  3548  4075    60  3527 20265 23353      924674  Sat Sep 19 21:43:21 2009
M3G20090417T114121_V00_LOC.IMG  1056  3350  3844    45  3511 14004 17091      924608  Sat Sep 19 21:44:52 2009
M3G20090417T135100_V00_LOC.IMG  1058  3152  3611    31  3496  2356  5443      924525  Sat Sep 19 21:46:23 2009
M3G20090417T153721_V00_LOC.IMG  1062  2956  3261  3283  3484     1   174       51856  Sat Sep 19 21:47:53 2009
M3G20090417T155652_V00_LOC.IMG  1063  2962  3379    20  3292 14061 16972      872180  Sat Sep 19 21:50:13 2009
M3G20090417T175147_V00_LOC.IMG  1066  2757  3146    12  3473 20183 23269      924199  Sat Sep 19 21:52:01 2009
M3G20090417T193504_V00_LOC.IMG  1069  2558  2913     6  3464 13227 16311      923979  Sat Sep 19 21:53:37 2009
M3G20090418T132620_V00_LOC.IMG  1093   513  1060    39  3498 19381 22457      921796  Sat Sep 19 22:28:45 2009
M3G20090418T151350_V00_LOC.IMG  1094   281   860    53  3513 14224 17300      921691  Sat Sep 19 22:30:34 2009
M3G20090418T172221_V00_LOC.IMG  1096    49   661    70  3530  6335  9410      921543  Sat Sep 19 22:32:22 2009
M3G20090418T190900_V00_LOC.IMG  1099     2   462    90  3535  7099 10172      402960  Sat Sep 19 22:36:24 2009
