M3G20090423T052045_V00_LOC.IMG  1220  3526  4118  1398  3616 11317 13375       55145  Sun Sep 20 00:59:09 2009
M3G20090423T073030_V00_LOC.IMG  1223  3873  4391   232  1840 26407 27846      195298  Sun Sep 20 01:05:23 2009
M3G20090423T091700_V00_LOC.IMG  1225  3337  4312   528  3616     1  2796      741721  Sun Sep 20 01:06:13 2009
M3G20090423T093030_V00_LOC.IMG  1226  4035  4392   199   588 19735 20028       82143  Sun Sep 20 01:09:26 2009
M3G20090423T112645_V00_LOC.IMG  1228  3632  4261   169  1767 26304 27695      416699  Sun Sep 20 01:11:33 2009
M3G20090423T131300_V00_LOC.IMG  1230  3148  4108   140  3586  1945  5037      926842  Sun Sep 20 01:12:13 2009
M3G20090423T152245_V00_LOC.IMG  1233  3363  3952   115  1778 20346 21794      434085  Sun Sep 20 01:15:05 2009
M3G20090423T170915_V00_LOC.IMG  1236  2953  3799    92  3547 19733 22826      927343  Sun Sep 20 01:17:19 2009
M3G20090423T191900_V00_LOC.IMG  1238  3122  3498  1129  1644     1   426      127800  Sun Sep 20 01:18:08 2009
M3G20090423T191943_V00_LOC.IMG  1239  3190  3646    72  1170 26333 27273      281761  Sun Sep 20 01:19:41 2009
M3G20090423T210515_V00_LOC.IMG  1241  2760  3492    54  3516 19816 22911      927688  Sun Sep 20 01:21:16 2009
M3G20090423T231500_V00_LOC.IMG  1243  2858  3339    39  1674  1380  2808      428053  Sun Sep 20 01:22:14 2009
M3G20090424T010115_V00_LOC.IMG  1246  2569  3190    27  3491 17882 20977      927879  Sun Sep 20 01:24:36 2009
M3G20090424T031100_V00_LOC.IMG  1249  2602  3035    17  1697 26221 27695      441719  Sun Sep 20 01:27:03 2009
M3G20090424T050542_V00_LOC.IMG  1252  2375  2880     9  3472 19708 22803      927871  Sun Sep 20 01:29:01 2009
M3G20090424T070715_V00_LOC.IMG  1254  2352  2726     4  1573 26313 27694      413725  Sun Sep 20 01:31:14 2009
M3G20090424T085330_V00_LOC.IMG  1256  2181  2573     2  3459 19656 22751      927648  Sun Sep 20 01:32:45 2009
M3G20090424T204145_V00_LOC.IMG  1261  1329  1917    18  3481  1597  4688      926510  Sun Sep 20 01:35:38 2009
M3G20090424T225130_V00_LOC.IMG  1264  1176  1649    28  1691 17200 18653      435350  Sun Sep 20 01:39:46 2009
M3G20090425T024715_V00_LOC.IMG  1269   868  1424    57  1954 10967 12627      497495  Sun Sep 20 01:42:15 2009
M3G20090425T043400_V00_LOC.IMG  1272   716  1531    75  3532  3360  6449      925809  Sun Sep 20 01:44:26 2009
M3G20090425T064315_V00_LOC.IMG  1275   565  1196    95  2057 15985 17704      515067  Sun Sep 20 01:47:28 2009
M3G20090425T083000_V00_LOC.IMG  1278   416  1348   118  3566  6895  9984      925828  Sun Sep 20 01:49:12 2009
