M3G20090423T073030_V00_LOC.IMG  1223  3803  4324   110  3551 23321 26409      383727  Sun Sep 20 01:04:47 2009
M3G20090423T093030_V00_LOC.IMG  1226  3648  4307    91  3552 16649 19736      917094  Sun Sep 20 01:09:21 2009
M3G20090423T112645_V00_LOC.IMG  1228  3494  4119    74  3537 23219 26307      925519  Sun Sep 20 01:11:26 2009
M3G20090423T131300_V00_LOC.IMG  1230  3338  3823  1316  3522     1  1947      583854  Sun Sep 20 01:11:59 2009
M3G20090423T133029_V00_LOC.IMG  1231  3531  3929    58  1338 16694 17834      341396  Sun Sep 20 01:13:46 2009
M3G20090423T152245_V00_LOC.IMG  1233  3181  3735    44  3508 17260 20348      925621  Sun Sep 20 01:15:00 2009
M3G20090423T170915_V00_LOC.IMG  1236  3024  3544    33  3495 16647 19735      925651  Sun Sep 20 01:17:05 2009
M3G20090423T191943_V00_LOC.IMG  1239  2867  3353    23  3485 23247 26335      925744  Sun Sep 20 01:19:37 2009
M3G20090423T210515_V00_LOC.IMG  1241  2711  3162    15  3475 16730 19819      925743  Sun Sep 20 01:21:01 2009
M3G20090423T231500_V00_LOC.IMG  1243  2555  2911  1899  3468     1  1382      414347  Sun Sep 20 01:22:11 2009
M3G20090423T231946_V00_LOC.IMG  1244  2616  2971     9  1908 17255 18960      511158  Sun Sep 20 01:23:16 2009
M3G20090424T010115_V00_LOC.IMG  1246  2404  2784     5  3462 14796 17884      925817  Sun Sep 20 01:24:26 2009
M3G20090424T031100_V00_LOC.IMG  1249  2248  2594     2  3458 23135 26224      925807  Sun Sep 20 01:26:58 2009
M3G20090424T050542_V00_LOC.IMG  1252  2090  2405     2  3454 16622 19711      925701  Sun Sep 20 01:28:48 2009
M3G20090424T070715_V00_LOC.IMG  1254  1927  2249     1  3454 23228 26316      925646  Sun Sep 20 01:31:09 2009
M3G20090424T085330_V00_LOC.IMG  1256  1736  2095     2  3457 16571 19659      925521  Sun Sep 20 01:32:35 2009
M3G20090424T204145_V00_LOC.IMG  1261   719  1165  1685  3507     1  1600      479729  Sun Sep 20 01:35:29 2009
M3G20090424T205837_V00_LOC.IMG  1262   596  1018    44  1706 16561 18045      444757  Sun Sep 20 01:38:29 2009
M3G20090424T225130_V00_LOC.IMG  1264   406  1010    58  3520 14118 17203      924668  Sun Sep 20 01:39:37 2009
M3G20090425T024715_V00_LOC.IMG  1269    25   697    91  3551  7885 10970      923846  Sun Sep 20 01:42:09 2009
M3G20090425T043400_V00_LOC.IMG  1272     2   545   108  3551   280  3363      437961  Sun Sep 20 01:44:12 2009
M3G20090425T064315_V00_LOC.IMG  1275   353   393  3260  3551 15730 15986         993  Sun Sep 20 01:47:23 2009
