M3G20090416T084125_V00_LOC.IMG  1020  3905  4041  1412  1898     1   447        4490  Sat Sep 19 21:10:55 2009
M3G20090416T122951_V00_LOC.IMG  1024  3652  4391  1369  3412     1  1808      475700  Sat Sep 19 21:13:12 2009
M3G20090416T143454_V00_LOC.IMG  1027  3214  4281    20  3443  4837  7921      922481  Sat Sep 19 21:14:56 2009
M3G20090416T164631_V00_LOC.IMG  1030  3443  4126  1588  3472     1  1653      495269  Sat Sep 19 21:17:43 2009
M3G20090416T181121_V00_LOC.IMG  1032  3016  3970    61  3499  4884  7965      921816  Sat Sep 19 21:18:44 2009
M3G20090416T203919_V00_LOC.IMG  1036  3181  3812  1583  3522     1  1701      509642  Sat Sep 19 21:20:21 2009
M3G20090416T220701_V00_LOC.IMG  1038  2817  3655    95  3543  1116  4197      921655  Sat Sep 19 21:20:54 2009
M3G20090417T002252_V00_LOC.IMG  1042  2947  3489  1803  3563     1  1538      460686  Sat Sep 19 21:23:39 2009
M3G20090417T055901_V00_LOC.IMG  1049  2410  3015   144  3601  4208  7288      921482  Sat Sep 19 21:34:33 2009
M3G20090417T074540_V00_LOC.IMG  1052  2421  2856  1720  3609     1  1661      497607  Sat Sep 19 21:38:18 2009
M3G20090417T095500_V00_LOC.IMG  1054  2211  2698   158  3613  4898  7978      921522  Sat Sep 19 21:41:47 2009
M3G20090417T114121_V00_LOC.IMG  1056  2166  2539  1670  3615     1  1717      514476  Sat Sep 19 21:44:10 2009
M3G20090417T142240_V00_LOC.IMG  1059  2012  2379   163  3616  1388  4467      921391  Sat Sep 19 21:47:01 2009
M3G20090417T155652_V00_LOC.IMG  1063  1914  2221  1607  3616     1  1775      531972  Sat Sep 19 21:49:07 2009
M3G20090417T175147_V00_LOC.IMG  1066  1759  2111   154  3615  4816  7898      922036  Sat Sep 19 21:51:18 2009
M3G20090417T193504_V00_LOC.IMG  1069  1601  1935  2531  3611     1   944      282535  Sat Sep 19 21:52:40 2009
M3G20090417T202009_V00_LOC.IMG  1070  1635  1965  1536  2540     1   886      265800  Sat Sep 19 21:54:57 2009
M3G20090418T132620_V00_LOC.IMG  1093   195  1139     9  3460  4007  7095      924357  Sat Sep 19 22:27:09 2009
M3G20090418T151350_V00_LOC.IMG  1094    48   791  1241  3432     1  1936      575830  Sat Sep 19 22:29:51 2009
M3G20090418T174554_V00_LOC.IMG  1097     2   959     2  3400  4965  8051      537940  Sat Sep 19 22:33:47 2009
