M3G20090421T001400_V00_LOC.IMG  1165  3903  4391  1656  3371     1  1543      121366  Sat Sep 19 23:50:59 2009
M3G20090421T082045_V00_LOC.IMG  1178  3398  3997  1673  3493     1  1589      476251  Sun Sep 20 00:09:48 2009
M3G20090422T000145_V00_LOC.IMG  1192  2316  2729   152  3612  4803  7878      920741  Sun Sep 20 00:34:23 2009
M3G20090422T014800_V00_LOC.IMG  1194  2255  2569  2176  3615     1  1263      378270  Sun Sep 20 00:37:03 2009
M3G20090422T095145_V00_LOC.IMG  1196  1631  2116   153  3612  4402  7502      928091  Sun Sep 20 00:39:35 2009
M3G20090422T113800_V00_LOC.IMG  1198  1473  1849  2644  3606     1   840      251514  Sun Sep 20 00:41:00 2009
M3G20090422T134730_V00_LOC.IMG  1200  1314  1915   136  3598  4340  7440      928121  Sun Sep 20 00:43:28 2009
M3G20090422T153400_V00_LOC.IMG  1202  1154  1554  2693  3587     1   772      231132  Sun Sep 20 00:44:54 2009
M3G20090422T174330_V00_LOC.IMG  1204   994  1710   113  3573  4126  7226      928182  Sun Sep 20 00:47:17 2009
M3G20090422T200411_V00_LOC.IMG  1207   834  1251  2723  3556     1   711      212830  Sun Sep 20 00:49:51 2009
M3G20090422T213930_V00_LOC.IMG  1209   674  1505    81  3537  4067  7167      928116  Sun Sep 20 00:51:04 2009
M3G20090422T235626_V00_LOC.IMG  1212   516  1403    63  3514  3712  6812      928014  Sun Sep 20 00:53:44 2009
M3G20090423T020444_V00_LOC.IMG  1216   357   943  1931  3489     1  1360      407497  Sun Sep 20 00:56:08 2009
M3G20090423T033430_V00_LOC.IMG  1218   198  1196    21  3461  4867  7964      927359  Sun Sep 20 00:57:07 2009
M3G20090423T055220_V00_LOC.IMG  1221    42   661  1932  3430     1  1305      390873  Sun Sep 20 01:00:11 2009
M3G20090423T073030_V00_LOC.IMG  1223     2   990     1  3397  4816  7908      568684  Sun Sep 20 01:01:52 2009
M3G20090423T093030_V00_LOC.IMG  1226     1   375  1989  3360     1  1241       44469  Sun Sep 20 01:07:24 2009
