M3G20090417T055901_V00_LOC.IMG  1049  4193  4254     1  3447 16496 19574      118448  Sat Sep 19 21:36:20 2009
M3G20090417T074540_V00_LOC.IMG  1052  3962  4254     1  3447 10870 13952      835359  Sat Sep 19 21:38:54 2009
M3G20090417T095500_V00_LOC.IMG  1054  3729  4081     1  3447 17188 20271      923218  Sat Sep 19 21:43:01 2009
M3G20090417T114121_V00_LOC.IMG  1056  3497  3849     1  3447 10927 14009      923141  Sat Sep 19 21:44:44 2009
M3G20090417T135100_V00_LOC.IMG  1058  3275  3615   794  3447     1  2361      707841  Sat Sep 19 21:46:14 2009
M3G20090417T155652_V00_LOC.IMG  1063  3034  3383     1  3447 10985 14066      922918  Sat Sep 19 21:50:05 2009
M3G20090417T175147_V00_LOC.IMG  1066  2802  3150     1  3447 17107 20188      922794  Sat Sep 19 21:51:51 2009
M3G20090417T193504_V00_LOC.IMG  1069  2570  2916     1  3447 10151 13231      922668  Sat Sep 19 21:53:29 2009
M3G20090418T132620_V00_LOC.IMG  1093   488   818     1  3447 16309 19385      921439  Sat Sep 19 22:28:24 2009
M3G20090418T151350_V00_LOC.IMG  1094   257   585     1  3447 11153 14228      921302  Sat Sep 19 22:30:24 2009
M3G20090418T172221_V00_LOC.IMG  1096    26   352     1  3447  3264  6338      921159  Sat Sep 19 22:32:13 2009
M3G20090418T190900_V00_LOC.IMG  1099     1   119     1  3447  4028  7101      312195  Sat Sep 19 22:35:47 2009
