M3G20090418T190900_V00_LOC.IMG  1099  4048  4254     1  3447  4027  7101      608868  Sat Sep 19 22:35:31 2009
M3G20090419T011701_V00_LOC.IMG  1102  3356  3674     1  3447    67  3140      920744  Sat Sep 19 22:38:31 2009
M3G20090419T030030_V00_LOC.IMG  1105  3126  3442     1  3447  4838  7910      920520  Sat Sep 19 22:41:16 2009
M3G20090419T050945_V00_LOC.IMG  1108  2897  3209     1  3447 16987 20057      920266  Sat Sep 19 22:44:05 2009
M3G20090419T065630_V00_LOC.IMG  1110  2665  2975     1  3447 10810 13866      915953  Sat Sep 19 22:45:31 2009
M3G20090419T130145_V00_LOC.IMG  1113  1973  2276     1  3447 17045 20114      919706  Sat Sep 19 22:52:45 2009
M3G20090419T144815_V00_LOC.IMG  1115  1742  2042     1  3447 10862 13931      919591  Sat Sep 19 22:54:59 2009
M3G20090419T165745_V00_LOC.IMG  1117  1512  1810     1  3447    97  3165      919496  Sat Sep 19 22:56:29 2009
M3G20090419T184909_V00_LOC.IMG  1121  1280  1576     1  3447  5568  8635      919195  Sat Sep 19 23:00:07 2009
M3G20090419T210449_V00_LOC.IMG  1125  1050  1346     1  3447 17091 20158      919283  Sat Sep 19 23:03:08 2009
M3G20090419T224015_V00_LOC.IMG  1127   820  1114     1  3447  8462 11529      919237  Sat Sep 19 23:04:07 2009
