M3G20090424T205837_V00_LOC.IMG  1262  3757  4247     1  3451  4262  7338      539230  Sun Sep 20 01:36:39 2009
M3G20090424T225130_V00_LOC.IMG  1264  3565  4146     8  3469  1818  4895      922138  Sun Sep 20 01:38:59 2009
M3G20090425T030840_V00_LOC.IMG  1270  3180  3696    40  3499 10361 13439      922249  Sun Sep 20 01:43:28 2009
M3G20090425T045349_V00_LOC.IMG  1273  2987  3469    51  3510  4728  7807      922410  Sun Sep 20 01:45:37 2009
M3G20090425T064315_V00_LOC.IMG  1275  2792  3239    62  3520   601  3681      922539  Sun Sep 20 01:46:48 2009
M3G20090425T202308_V00_LOC.IMG  1280  1356  1699    73  3530  4672  7750      922229  Sun Sep 20 01:53:37 2009
M3G20090425T222745_V00_LOC.IMG  1282  1128  1503    65  3524 10166 13244      922161  Sun Sep 20 01:56:15 2009
M3G20090426T001430_V00_LOC.IMG  1284   900  1304    54  3516   828  3906      921960  Sun Sep 20 01:57:29 2009
M3G20090426T041030_V00_LOC.IMG  1286   440   907    28  3492  4752  7829      921680  Sun Sep 20 01:59:24 2009
M3G20090426T061945_V00_LOC.IMG  1288   205   711    12  3477 11072 14150      922005  Sun Sep 20 02:01:48 2009
