M3G20090423T073030_V00_LOC.IMG  1223  4146  4254     1  3447 17155 20240      334014  Sun Sep 20 01:03:29 2009
M3G20090423T093030_V00_LOC.IMG  1226  3920  4212     1  3447 10484 13569      924248  Sun Sep 20 01:08:48 2009
M3G20090423T112645_V00_LOC.IMG  1228  3693  3985     1  3447 17057 20141      924222  Sun Sep 20 01:11:06 2009
M3G20090423T133029_V00_LOC.IMG  1231  3466  3758     1  3447 10534 13617      923879  Sun Sep 20 01:13:34 2009
M3G20090423T152245_V00_LOC.IMG  1233  3240  3530     1  3447 11101 14182      923337  Sun Sep 20 01:14:42 2009
M3G20090423T170915_V00_LOC.IMG  1236  3013  3303     1  3447 10489 13569      923073  Sun Sep 20 01:16:47 2009
M3G20090423T191943_V00_LOC.IMG  1239  2787  3077     1  3447 17090 20169      922810  Sun Sep 20 01:19:20 2009
M3G20090423T210515_V00_LOC.IMG  1241  2560  2850     1  3447 10575 13653      922638  Sun Sep 20 01:20:44 2009
M3G20090423T231946_V00_LOC.IMG  1244  2335  2624     1  3447 11100 14178      922446  Sun Sep 20 01:23:03 2009
M3G20090424T010115_V00_LOC.IMG  1246  2111  2402     1  3447  8641 11718      922459  Sun Sep 20 01:24:09 2009
M3G20090424T031100_V00_LOC.IMG  1249  1885  2177     1  3447 16980 20058      922387  Sun Sep 20 01:26:41 2009
M3G20090424T050542_V00_LOC.IMG  1252  1659  1952     1  3447 10468 13545      922292  Sun Sep 20 01:28:31 2009
M3G20090424T070715_V00_LOC.IMG  1254  1433  1728     1  3447 17074 20151      922243  Sun Sep 20 01:30:52 2009
M3G20090424T085330_V00_LOC.IMG  1256  1209  1504     1  3447 10418 13495      922229  Sun Sep 20 01:32:18 2009
M3G20090424T191252_V00_LOC.IMG  1258    82   364     1   432 16274 16663      116158  Sun Sep 20 01:35:04 2009
M3G20090424T205837_V00_LOC.IMG  1262     1   156     1  3447 10408 13486      472017  Sun Sep 20 01:37:44 2009
