M3G20090422T000145_V00_LOC.IMG  1192  2852  3300    70  3532  7873 10937      917851  Sun Sep 20 00:34:41 2009
M3G20090422T014800_V00_LOC.IMG  1194  2692  3104    80  3540  1258  4321      917706  Sun Sep 20 00:37:11 2009
M3G20090422T095145_V00_LOC.IMG  1196  2033  2358    99  3552  7497 10595      927810  Sun Sep 20 00:39:43 2009
M3G20090422T113800_V00_LOC.IMG  1198  1839  2198    98  3551   835  3933      927770  Sun Sep 20 00:41:09 2009
M3G20090422T134730_V00_LOC.IMG  1200  1644  2037    95  3550  7435 10533      927807  Sun Sep 20 00:43:36 2009
M3G20090422T153400_V00_LOC.IMG  1202  1449  1875    89  3547   767  3864      927674  Sun Sep 20 00:45:03 2009
M3G20090422T174330_V00_LOC.IMG  1204  1254  1713    83  3542  7221 10318      927654  Sun Sep 20 00:47:25 2009
M3G20090422T200411_V00_LOC.IMG  1207  1060  1551    74  3535   706  3803      927608  Sun Sep 20 00:49:58 2009
M3G20090422T213930_V00_LOC.IMG  1209   866  1388    64  3526  7162 10259      927491  Sun Sep 20 00:51:12 2009
M3G20090422T235626_V00_LOC.IMG  1212   670  1226    52  3514  6807  9903      927361  Sun Sep 20 00:53:53 2009
M3G20090423T020444_V00_LOC.IMG  1216   474  1062    38  3501  1355  4450      927001  Sun Sep 20 00:56:16 2009
M3G20090423T033430_V00_LOC.IMG  1218   280   900    23  3486  7959 11052      926586  Sun Sep 20 00:57:16 2009
M3G20090423T055220_V00_LOC.IMG  1221    84   737     6  3469  1300  4391      926011  Sun Sep 20 01:00:19 2009
M3G20090423T073030_V00_LOC.IMG  1223     1   575     1  3450  7904 10993      574682  Sun Sep 20 01:02:17 2009
M3G20090423T093030_V00_LOC.IMG  1226   135   413     1  2232  1240  3232       25219  Sun Sep 20 01:07:53 2009
