M3G20090415T202222_V00_LOC.IMG  1002  3769  4106     1  3447  7823 10893      919402  Sat Sep 19 20:47:40 2009
M3G20090415T222023_V00_LOC.IMG  1004  3544  3882     1  3447  7838 10908      919452  Sat Sep 19 20:50:39 2009
M3G20090416T062321_V00_LOC.IMG  1016  2640  2980     1  3447 10403 13473      919415  Sat Sep 19 21:07:21 2009
M3G20090416T081001_V00_LOC.IMG  1019  2451  2752  2323  3447     1  1013      303488  Sat Sep 19 21:09:26 2009
M3G20090416T084125_V00_LOC.IMG  1020  2412  2737     1  2327  7909  9967      616359  Sat Sep 19 21:11:28 2009
M3G20090416T101921_V00_LOC.IMG  1022  2184  2526     1  3447  6010  9084      920399  Sat Sep 19 21:12:07 2009
M3G20090416T122951_V00_LOC.IMG  1024  1956  2299     1  3447  7942 11016      920633  Sat Sep 19 21:13:40 2009
M3G20090416T143454_V00_LOC.IMG  1027  1728  2059     1  2608 14054 16366      692560  Sat Sep 19 21:15:18 2009
M3G20090416T160201_V00_LOC.IMG  1029  1498  1843     1  3447  5735  8811      921094  Sat Sep 19 21:16:01 2009
M3G20090416T181121_V00_LOC.IMG  1032  1269  1615     1  3447 14099 17176      921311  Sat Sep 19 21:19:09 2009
M3G20090416T220701_V00_LOC.IMG  1038   811  1156     1  3447 10331 13409      921737  Sat Sep 19 21:21:19 2009
M3G20090417T002252_V00_LOC.IMG  1042   578   927     1  3447  7672 10750      921744  Sat Sep 19 21:24:02 2009
M3G20090417T055901_V00_LOC.IMG  1049     1   233     1  3447 13427 16502      651724  Sat Sep 19 21:36:02 2009
M3G20090417T074540_V00_LOC.IMG  1052     1     2  3415  3446 10844 10872          29  Sat Sep 19 21:38:46 2009
