M3G20090423T073030_V00_LOC.IMG  1223  4142  4254     1  3447 14073 17158      334794  Sun Sep 20 01:03:01 2009
M3G20090423T093030_V00_LOC.IMG  1226  3914  4215     1  3447  7404 10488      924150  Sun Sep 20 01:08:29 2009
M3G20090423T112645_V00_LOC.IMG  1228  3686  3984     1  3447 13979 17060      923478  Sun Sep 20 01:10:58 2009
M3G20090423T133029_V00_LOC.IMG  1231  3458  3754     1  3447  7458 10537      922876  Sun Sep 20 01:13:26 2009
M3G20090423T152245_V00_LOC.IMG  1233  3232  3525     1  3447  8025 11104      922654  Sun Sep 20 01:14:34 2009
M3G20090423T170915_V00_LOC.IMG  1236  3003  3296     1  3447  7415 10492      922268  Sun Sep 20 01:16:39 2009
M3G20090423T191943_V00_LOC.IMG  1239  2776  3069     1  3447 14017 17093      921949  Sun Sep 20 01:19:12 2009
M3G20090423T210515_V00_LOC.IMG  1241  2550  2842     1  3447  7502 10577      921646  Sun Sep 20 01:20:36 2009
M3G20090423T231946_V00_LOC.IMG  1244  2324  2612     1  3447  8028 11103      921457  Sun Sep 20 01:22:55 2009
M3G20090424T010115_V00_LOC.IMG  1246  2098  2388     1  3447  5569  8644      921424  Sun Sep 20 01:24:01 2009
M3G20090424T031100_V00_LOC.IMG  1249  1872  2161     1  3447 13909 16984      921300  Sun Sep 20 01:26:33 2009
M3G20090424T050542_V00_LOC.IMG  1252  1646  1936     1  3447  7397 10471      921249  Sun Sep 20 01:28:23 2009
M3G20090424T070715_V00_LOC.IMG  1254  1420  1712     1  3447 14003 17077      921198  Sun Sep 20 01:30:43 2009
M3G20090424T085330_V00_LOC.IMG  1256  1195  1488     1  3447  7347 10421      921238  Sun Sep 20 01:32:09 2009
M3G20090424T191252_V00_LOC.IMG  1258    67   364     1  3447 13201 16277      921718  Sun Sep 20 01:35:03 2009
M3G20090424T205837_V00_LOC.IMG  1262     1   139     1  3447  7335 10411      424647  Sun Sep 20 01:37:13 2009
