M3G20090424T205837_V00_LOC.IMG  1262  4108  4254     1  3447 10408 13486      450415  Sun Sep 20 01:37:31 2009
M3G20090424T225130_V00_LOC.IMG  1264  3883  4183     1  3447  7965 11043      922485  Sun Sep 20 01:39:15 2009
M3G20090425T024715_V00_LOC.IMG  1269  3431  3732     1  3447  1734  4812      922372  Sun Sep 20 01:41:48 2009
M3G20090425T045349_V00_LOC.IMG  1273  3206  3508     1  3447 10877 13955      922483  Sun Sep 20 01:46:08 2009
M3G20090425T064315_V00_LOC.IMG  1275  2980  3284     1  3447  6751  9830      922546  Sun Sep 20 01:47:04 2009
M3G20090425T083000_V00_LOC.IMG  1278  2768  3061  2605  3447     1   739      221327  Sun Sep 20 01:48:42 2009
M3G20090425T202308_V00_LOC.IMG  1280  1399  1713     1  3447 10821 13901      922902  Sun Sep 20 01:54:10 2009
M3G20090425T222745_V00_LOC.IMG  1282  1172  1488     1  3447 16314 19394      922834  Sun Sep 20 01:56:32 2009
M3G20090426T001430_V00_LOC.IMG  1284   946  1266     1  3447  6975 10055      922728  Sun Sep 20 01:57:45 2009
M3G20090426T041030_V00_LOC.IMG  1286   493   815     1  3447 10898 13978      922616  Sun Sep 20 01:59:40 2009
M3G20090426T061945_V00_LOC.IMG  1288   261   585     1  3447 17219 20299      922644  Sun Sep 20 02:02:05 2009
M3G20090426T080645_V00_LOC.IMG  1290    32   359     1  3447  2949  6029      922600  Sun Sep 20 02:03:13 2009
