M3G20090417T055901_V00_LOC.IMG  1049  3761  4247     2  3447 10352 13428      441549  Sat Sep 19 21:35:07 2009
M3G20090417T074540_V00_LOC.IMG  1052  3567  4202     8  3466  4725  7801      921241  Sat Sep 19 21:38:35 2009
M3G20090417T095500_V00_LOC.IMG  1054  3371  3971    24  3483 11042 14120      921605  Sat Sep 19 21:42:22 2009
M3G20090417T114121_V00_LOC.IMG  1056  3177  3741    39  3497  4781  7858      921338  Sat Sep 19 21:44:27 2009
M3G20090417T155652_V00_LOC.IMG  1063  2786  3280    62  3519  4840  7917      921321  Sat Sep 19 21:49:36 2009
M3G20090417T175147_V00_LOC.IMG  1066  2591  3049    70  3527 10963 14040      921339  Sat Sep 19 21:51:35 2009
M3G20090417T193504_V00_LOC.IMG  1069  2394  2819    77  3532  4007  7084      921300  Sat Sep 19 21:53:12 2009
M3G20090418T132620_V00_LOC.IMG  1093   449   952    30  3493 10164 13242      922227  Sat Sep 19 22:27:44 2009
M3G20090418T151350_V00_LOC.IMG  1094   220   755    13  3479  5007  8085      921992  Sat Sep 19 22:30:07 2009
M3G20090418T172221_V00_LOC.IMG  1096     2   311  3217  3461     1   197       56358  Sat Sep 19 22:31:51 2009
M3G20090418T174554_V00_LOC.IMG  1097    22   563     1  3239 11125 14004      769787  Sat Sep 19 22:34:28 2009
M3G20090418T190900_V00_LOC.IMG  1099     2   161  2350  3442     1   959       58865  Sat Sep 19 22:34:52 2009
