M3G20090422T000145_V00_LOC.IMG  1192  3565  3850     1  3447 17036 20088      914708  Sun Sep 20 00:35:38 2009
M3G20090422T014800_V00_LOC.IMG  1194  3335  3619     1  3447 10419 13470      914421  Sun Sep 20 00:37:36 2009
M3G20090422T095145_V00_LOC.IMG  1196  2390  2714     1  3447 16774 19870      927437  Sun Sep 20 00:40:09 2009
M3G20090422T113800_V00_LOC.IMG  1198  2162  2484     1  3447 10111 13206      927268  Sun Sep 20 00:41:33 2009
M3G20090422T134730_V00_LOC.IMG  1200  1935  2254     1  3447 16711 19805      927105  Sun Sep 20 00:44:01 2009
M3G20090422T153400_V00_LOC.IMG  1202  1708  2023     1  3447 10042 13135      926927  Sun Sep 20 00:45:27 2009
M3G20090422T174330_V00_LOC.IMG  1204  1479  1793     1  3447 16495 19588      926709  Sun Sep 20 00:47:50 2009
M3G20090422T193000_V00_LOC.IMG  1206  1251  1564     1  3447  2289  5381      926514  Sun Sep 20 00:48:49 2009
M3G20090422T213930_V00_LOC.IMG  1209  1023  1336     1  3447 16434 19525      926327  Sun Sep 20 00:51:37 2009
M3G20090422T232600_V00_LOC.IMG  1211   796  1108  2045  3447     1  1241      371957  Sun Sep 20 00:52:25 2009
M3G20090422T235626_V00_LOC.IMG  1212   807  1103     1  2048 16076 17925      554139  Sun Sep 20 00:54:14 2009
M3G20090423T012445_V00_LOC.IMG  1215   570   879     1  3447  6058  9147      925694  Sun Sep 20 00:55:07 2009
M3G20090423T033430_V00_LOC.IMG  1218   345   650     1  3447 17221 20309      925357  Sun Sep 20 00:57:42 2009
M3G20090423T052045_V00_LOC.IMG  1220   121   419     1  3447  1033  4119      925027  Sun Sep 20 00:58:38 2009
M3G20090423T073030_V00_LOC.IMG  1223     1   188     1  3447 17155 20240      590660  Sun Sep 20 01:03:48 2009
