M3G20090423T073030_V00_LOC.IMG  1223  3816  4247     2  3446 10989 14076      343743  Sun Sep 20 01:02:33 2009
M3G20090423T093030_V00_LOC.IMG  1226  3622  4209     3  3465  4323  7407      924239  Sun Sep 20 01:08:10 2009
M3G20090423T112645_V00_LOC.IMG  1228  3427  3979    20  3482 10900 13982      923461  Sun Sep 20 01:10:50 2009
M3G20090423T133029_V00_LOC.IMG  1231  3233  3749    35  3496  4383  7461      922236  Sun Sep 20 01:13:19 2009
M3G20090423T152245_V00_LOC.IMG  1233  3042  3521    48  3509  4950  8029      922437  Sun Sep 20 01:14:26 2009
M3G20090423T170915_V00_LOC.IMG  1236  2848  3293    59  3518  4342  7418      921926  Sun Sep 20 01:16:31 2009
M3G20090423T191943_V00_LOC.IMG  1239  2654  3065    68  3526 10945 14020      921515  Sun Sep 20 01:19:04 2009
M3G20090423T210515_V00_LOC.IMG  1241  2461  2837    76  3531  4432  7505      921113  Sun Sep 20 01:20:28 2009
M3G20090423T231946_V00_LOC.IMG  1244  2268  2608    81  3534  4958  8031      920836  Sun Sep 20 01:22:47 2009
M3G20090424T010115_V00_LOC.IMG  1246  2075  2382    84  3535  2499  5572      920850  Sun Sep 20 01:23:52 2009
M3G20090424T031100_V00_LOC.IMG  1249  1869  2162    83  3535 10840 13913      920724  Sun Sep 20 01:26:24 2009
M3G20090424T050542_V00_LOC.IMG  1252  1643  1969    80  3535  4328  7400      920686  Sun Sep 20 01:28:15 2009
M3G20090424T070715_V00_LOC.IMG  1254  1417  1776    75  3531 10934 14007      920665  Sun Sep 20 01:30:35 2009
M3G20090424T085330_V00_LOC.IMG  1256  1192  1584    68  3526  4278  7350      920748  Sun Sep 20 01:32:01 2009
M3G20090424T191252_V00_LOC.IMG  1258    67   626     4  3466 10129 13205      921659  Sun Sep 20 01:34:55 2009
M3G20090424T205837_V00_LOC.IMG  1262     2   436     1  3448  4262  7338      382669  Sun Sep 20 01:36:46 2009
