M3G20090415T202222_V00_LOC.IMG  1002  3629  4155    68  3533 13951 17019      919038  Sat Sep 19 20:48:20 2009
M3G20090415T222023_V00_LOC.IMG  1004  3438  3932    52  3516 13967 17036      919347  Sat Sep 19 20:50:56 2009
M3G20090416T062321_V00_LOC.IMG  1016  2669  3032     9  3469 16535 19609      920715  Sat Sep 19 21:08:02 2009
M3G20090416T081001_V00_LOC.IMG  1019  2477  2806     4  3461  4076  7152      921242  Sat Sep 19 21:09:43 2009
M3G20090416T101921_V00_LOC.IMG  1022  2277  2580     1  3456 12148 15225      921657  Sat Sep 19 21:12:24 2009
M3G20090416T122603_V00_LOC.IMG  1023  2075  2377  2103  2567     1    10        3000  Sat Sep 19 21:12:55 2009
M3G20090416T122951_V00_LOC.IMG  1024  2049  2357     1   401 14082 14430      103396  Sat Sep 19 21:13:49 2009
M3G20090416T160201_V00_LOC.IMG  1029  1592  1999     2  3455 11879 14961      923079  Sat Sep 19 21:16:18 2009
M3G20090416T181121_V00_LOC.IMG  1032  1363  1805     6  3461 20244 23328      923406  Sat Sep 19 21:19:26 2009
M3G20090416T220701_V00_LOC.IMG  1038   900  1416    19  3477 16479 19557      921948  Sat Sep 19 21:21:36 2009
M3G20090416T235340_V00_LOC.IMG  1041   677  1228    29  3488  2761  5847      924241  Sat Sep 19 21:22:41 2009
M3G20090417T055901_V00_LOC.IMG  1049     2   638    74  3533 19575 22661      911689  Sat Sep 19 21:37:10 2009
M3G20090417T074540_V00_LOC.IMG  1052     2   440    95  3534 13951 17034      269948  Sat Sep 19 21:39:21 2009
