M3G20090423T073030_V00_LOC.IMG  1223  3468  4391     1  3381  4817  7908      357498  Sun Sep 20 01:01:39 2009
M3G20090423T093030_V00_LOC.IMG  1226  3816  4391  1989  3416     1  1244      328298  Sun Sep 20 01:07:17 2009
M3G20090423T112645_V00_LOC.IMG  1228  3265  4256     7  3448  4739  7826      924395  Sun Sep 20 01:10:32 2009
M3G20090423T133029_V00_LOC.IMG  1231  3529  4098  1967  3476     1  1311      392792  Sun Sep 20 01:13:02 2009
M3G20090423T152245_V00_LOC.IMG  1233  3294  3944  1368  3502     1  1879      563117  Sun Sep 20 01:14:11 2009
M3G20090423T155943_V00_LOC.IMG  1234  3069  3581    51  1415  4848  6051      359925  Sun Sep 20 01:15:50 2009
M3G20090423T170915_V00_LOC.IMG  1236  3271  3785  2060  3525     1  1272      381129  Sun Sep 20 01:16:14 2009
M3G20090423T191943_V00_LOC.IMG  1239  2866  3627    88  3546  4798  7877      922229  Sun Sep 20 01:18:48 2009
M3G20090423T210515_V00_LOC.IMG  1241  2992  3469  1997  3564     1  1365      408881  Sun Sep 20 01:20:12 2009
M3G20090423T231946_V00_LOC.IMG  1244  2800  3310  1426  3579     1  1893      567319  Sun Sep 20 01:22:31 2009
M3G20090424T014547_V00_LOC.IMG  1247  2729  3151  2085  3592     1  1314      393808  Sun Sep 20 01:25:09 2009
M3G20090424T031100_V00_LOC.IMG  1249  2461  2994   140  3602  4699  7775      921368  Sun Sep 20 01:26:08 2009
M3G20090424T050542_V00_LOC.IMG  1252  2465  2837  2167  3609     1  1263      378272  Sun Sep 20 01:27:59 2009
M3G20090424T070715_V00_LOC.IMG  1254  2260  2680   155  3614  4793  7869      921457  Sun Sep 20 01:30:19 2009
M3G20090424T085330_V00_LOC.IMG  1256  2198  2522  2237  3616     1  1212      363031  Sun Sep 20 01:31:45 2009
M3G20090424T191252_V00_LOC.IMG  1258  1434  1944   141  3604  3978  7059      922987  Sun Sep 20 01:34:39 2009
M3G20090424T205837_V00_LOC.IMG  1262  1276  1676  2229  3595     1  1191      356866  Sun Sep 20 01:36:14 2009
M3G20090424T232308_V00_LOC.IMG  1265  1117  1741   119  3583  4709  7793      923715  Sun Sep 20 01:40:43 2009
M3G20090425T030840_V00_LOC.IMG  1270   802  1540    90  3550  4203  7288      924008  Sun Sep 20 01:42:49 2009
M3G20090425T045349_V00_LOC.IMG  1273   642  1205  1643  3530     1  1655      496049  Sun Sep 20 01:45:14 2009
M3G20090425T071316_V00_LOC.IMG  1276   481  1331    53  3507  4735  7821      924315  Sun Sep 20 01:48:18 2009
