M3G20090417T153721_V00_LOC.IMG  1062  2888  4111   362  3606  6348  9446       61915  Sat Sep 19 21:48:31 2009
M3G20090417T193504_V00_LOC.IMG  1069  2802  4111   294  3606 22483 25583      510548  Sat Sep 19 21:54:19 2009
M3G20090418T151350_V00_LOC.IMG  1094  2343  3158    57  3528 23451 26545      925758  Sat Sep 19 22:31:19 2009
M3G20090418T190900_V00_LOC.IMG  1099  2246  2943    32  3506 16319 19409      924976  Sat Sep 19 22:37:45 2009
M3G20090419T030030_V00_LOC.IMG  1105  2062  2523     4  3474 17119 20204      923855  Sat Sep 19 22:41:58 2009
M3G20090419T065630_V00_LOC.IMG  1110  1965  2308     1  3462 23070 26152      923461  Sat Sep 19 22:46:20 2009
M3G20090419T144815_V00_LOC.IMG  1115  1595  2083     4  3469 23131 26209      922978  Sat Sep 19 22:55:48 2009
M3G20090419T184415_V00_LOC.IMG  1120  1612  1988  2689  3482     1   683      204619  Sat Sep 19 22:59:25 2009
M3G20090419T184909_V00_LOC.IMG  1121  1383  1916    14  2714 17822 20227      721389  Sat Sep 19 23:00:49 2009
M3G20090419T224015_V00_LOC.IMG  1127  1175  1895    31  3498 20724 23801      922503  Sat Sep 19 23:04:45 2009
M3G20090420T122615_V00_LOC.IMG  1150   469  1585   148  3578  9558 12637      922684  Sat Sep 19 23:27:35 2009
M3G20090420T201815_V00_LOC.IMG  1163    82  1421   252  3606 16196 19276      863011  Sat Sep 19 23:49:59 2009
M3G20090421T001400_V00_LOC.IMG  1165     2  1340   315  3606 22987 26068      473992  Sat Sep 19 23:52:28 2009
