M3G20090419T165745_V00_LOC.IMG  1117  3781  4324   105  3552  6227  9296      521740  Sat Sep 19 22:56:57 2009
M3G20090419T184909_V00_LOC.IMG  1121  3612  4237    85  3547 11697 14766      919855  Sat Sep 19 23:00:25 2009
M3G20090419T205345_V00_LOC.IMG  1124  3453  4044    68  3531  1901  4969      919612  Sat Sep 19 23:01:39 2009
M3G20090419T224015_V00_LOC.IMG  1127  3289  3846    53  3515 14590 17657      919533  Sat Sep 19 23:04:25 2009
M3G20090420T122615_V00_LOC.IMG  1150  2151  2469     2  3455  3425  6492      919418  Sat Sep 19 23:26:54 2009
M3G20090420T183130_V00_LOC.IMG  1159  1603  1954     4  3460  8224 11292      919477  Sat Sep 19 23:46:37 2009
M3G20090420T201815_V00_LOC.IMG  1163  1407  1792     8  3466 10061 13128      919508  Sat Sep 19 23:49:22 2009
M3G20090421T001400_V00_LOC.IMG  1165  1016  1468    22  3482 16851 19919      919467  Sat Sep 19 23:51:49 2009
M3G20090421T080600_V00_LOC.IMG  1177   498   822  3107  3536     1   355      106193  Sun Sep 20 00:08:30 2009
M3G20090421T082045_V00_LOC.IMG  1178   232   783    73  3130 16878 19589      812734  Sun Sep 20 00:11:35 2009
