M3G20090422T000145_V00_LOC.IMG  1192  3324  3845    46  3506 20085 23140      915639  Sun Sep 20 00:35:58 2009
M3G20090422T014800_V00_LOC.IMG  1194  3129  3615    33  3492 13467 16521      915362  Sun Sep 20 00:37:44 2009
M3G20090422T095145_V00_LOC.IMG  1196  2324  2711     2  3457 19866 22961      927532  Sun Sep 20 00:40:17 2009
M3G20090422T113800_V00_LOC.IMG  1198  2129  2481     1  3453 13202 16297      927327  Sun Sep 20 00:41:42 2009
M3G20090422T134730_V00_LOC.IMG  1200  1932  2251     1  3452 19801 22895      927110  Sun Sep 20 00:44:10 2009
M3G20090422T153400_V00_LOC.IMG  1202  1705  2041     1  3455 13131 16225      926915  Sun Sep 20 00:45:36 2009
M3G20090422T174330_V00_LOC.IMG  1204  1476  1847     3  3460 19584 22677      926686  Sun Sep 20 00:47:59 2009
M3G20090422T193000_V00_LOC.IMG  1206  1248  1654     8  3466  5377  8469      926450  Sun Sep 20 00:48:57 2009
M3G20090422T213930_V00_LOC.IMG  1209  1021  1460    14  3474 19521 22612      926211  Sun Sep 20 00:51:46 2009
M3G20090422T232600_V00_LOC.IMG  1211   794  1267    24  3485  1238  4328      926042  Sun Sep 20 00:52:33 2009
M3G20090423T012445_V00_LOC.IMG  1215   568  1073    35  3497  9143 12232      925640  Sun Sep 20 00:55:16 2009
M3G20090423T033430_V00_LOC.IMG  1218   344   880    49  3511 20305 23393      925427  Sun Sep 20 00:57:50 2009
M3G20090423T052045_V00_LOC.IMG  1220   120   688    65  3527  4116  7203      925245  Sun Sep 20 00:58:47 2009
M3G20090423T073030_V00_LOC.IMG  1223     2   497    83  3534 20237 23324      574509  Sun Sep 20 01:04:27 2009
