M3G20090420T201515_V00_LOC.IMG  1162  2900  2916  3589  3606     1    13         140  Sat Sep 19 23:48:35 2009
M3G20090421T001100_V00_LOC.IMG  1164  2824  2963  3429  3606     1   138       11390  Sat Sep 19 23:50:29 2009
M3G20090421T080300_V00_LOC.IMG  1176  2676  2950  3425  3606     1    99       21918  Sun Sep 20 00:08:16 2009
M3G20090421T234511_V00_LOC.IMG  1191  2504  2877  2219  2585     1   287       86100  Sun Sep 20 00:33:24 2009
M3G20090422T014445_V00_LOC.IMG  1193  2317  2655  3258  3521     1   193       54693  Sun Sep 20 00:36:41 2009
M3G20090422T093645_V00_LOC.IMG  1195  2160  2486  3121  3406     1   231       69300  Sun Sep 20 00:38:50 2009
M3G20090422T113445_V00_LOC.IMG  1197  2118  2441  3077  3360     1   233       69900  Sun Sep 20 00:40:44 2009
M3G20090422T133245_V00_LOC.IMG  1199  2075  2397  3036  3313     1   232       69600  Sun Sep 20 00:42:41 2009
M3G20090422T153045_V00_LOC.IMG  1201  2031  2350  2995  3262     1   227       68100  Sun Sep 20 00:44:37 2009
M3G20090422T172845_V00_LOC.IMG  1203  1986  2300  2948  3218     1   232       69600  Sun Sep 20 00:46:34 2009
M3G20090422T192645_V00_LOC.IMG  1205  1936  2251  2893  3165     1   233       69900  Sun Sep 20 00:48:25 2009
M3G20090422T212445_V00_LOC.IMG  1208  1881  2201  2863  3137     1   232       69600  Sun Sep 20 00:50:13 2009
M3G20090422T232245_V00_LOC.IMG  1210  1825  2148  2822  3101     1   233       69900  Sun Sep 20 00:52:12 2009
M3G20090423T012130_V00_LOC.IMG  1214  1796  2121  3283  3466     1   150       42015  Sun Sep 20 00:54:29 2009
M3G20090423T031930_V00_LOC.IMG  1217  1745  2076  3240  3471     1   187       53224  Sun Sep 20 00:56:21 2009
M3G20090423T051745_V00_LOC.IMG  1219  1705  2032  3369  3478     1    74       19355  Sun Sep 20 00:58:16 2009
M3G20090423T071545_V00_LOC.IMG  1222  1654  1987  3335  3485     1   105       28854  Sun Sep 20 01:00:38 2009
M3G20090423T091345_V00_LOC.IMG  1224  1600  1942  3300  3492     1   137       38508  Sun Sep 20 01:05:51 2009
M3G20090423T111145_V00_LOC.IMG  1227  1546  1896  3269  3501     1   167       47667  Sun Sep 20 01:09:36 2009
M3G20090423T131000_V00_LOC.IMG  1229  1507  1848  3377  3512     1    75       20292  Sun Sep 20 01:11:45 2009
M3G20090423T150800_V00_LOC.IMG  1232  1462  1807  3363  3521     1    91       24949  Sun Sep 20 01:13:53 2009
M3G20090423T170600_V00_LOC.IMG  1235  1410  1764  3337  3533     1   120       33536  Sun Sep 20 01:15:55 2009
M3G20090423T190400_V00_LOC.IMG  1237  1356  1721  3311  3544     1   149       42283  Sun Sep 20 01:18:05 2009
M3G20090423T210215_V00_LOC.IMG  1240  1343  1678  3450  3556     1    30        6638  Sun Sep 20 01:19:52 2009
M3G20090423T230015_V00_LOC.IMG  1242  1290  1635  3421  3569     1    63       16489  Sun Sep 20 01:22:03 2009
M3G20090424T005800_V00_LOC.IMG  1245  1195  1589  3249  3584     1   226       65531  Sun Sep 20 01:23:24 2009
M3G20090424T025600_V00_LOC.IMG  1248  1141  1541  3230  3579     1   233       69900  Sun Sep 20 01:25:13 2009
M3G20090424T045415_V00_LOC.IMG  1250  1151  1505  3371  3606     1   133       35435  Sun Sep 20 01:27:16 2009
M3G20090424T065215_V00_LOC.IMG  1253  1142  1460  3355  3606     1   158       36569  Sun Sep 20 01:29:13 2009
M3G20090424T085015_V00_LOC.IMG  1255  1129  1427  3327  3606     1   196       39988  Sun Sep 20 01:31:26 2009
M3G20090424T104815_V00_LOC.IMG  1257  1120  1377  3314  3606     1   218       35146  Sun Sep 20 01:33:51 2009
