M3G20090418T151350_V00_LOC.IMG  1094  3866  4012  1241  1780     1   498        4276  Sat Sep 19 22:29:45 2009
M3G20090418T174554_V00_LOC.IMG  1097  3438  4391     2  3379  4962  8050      386820  Sat Sep 19 22:33:31 2009
M3G20090419T013221_V00_LOC.IMG  1103  3053  3979    51  3498  4785  7876      925435  Sat Sep 19 22:39:46 2009
M3G20090419T033824_V00_LOC.IMG  1106  3235  3827  1745  3521     1  1556      466274  Sat Sep 19 22:42:27 2009
M3G20090419T050945_V00_LOC.IMG  1108  2865  3674    86  3542  4677  7767      925473  Sat Sep 19 22:43:32 2009
M3G20090419T065630_V00_LOC.IMG  1110  2981  3520  1746  3560     1  1592      476966  Sat Sep 19 22:44:58 2009
M3G20090419T130145_V00_LOC.IMG  1113  2478  3056   137  3599  4739  7830      925746  Sat Sep 19 22:51:30 2009
M3G20090419T144815_V00_LOC.IMG  1115  2479  2900  1740  3607     1  1648      493825  Sat Sep 19 22:54:10 2009
M3G20090419T171612_V00_LOC.IMG  1118  2280  2744   153  3613  4767  7856      925199  Sat Sep 19 22:58:07 2009
M3G20090419T192327_V00_LOC.IMG  1122  2228  2581  1723  3615     1  1674      501537  Sat Sep 19 23:01:05 2009
M3G20090419T210449_V00_LOC.IMG  1125  2091  2430   162  3616  4785  7877      925894  Sat Sep 19 23:02:35 2009
M3G20090419T232419_V00_LOC.IMG  1128  1960  2288  1687  3616     1  1710      512583  Sat Sep 19 23:05:13 2009
M3G20090420T125118_V00_LOC.IMG  1151   854  1393  1723  3558     1  1609      482230  Sat Sep 19 23:28:11 2009
M3G20090420T185324_V00_LOC.IMG  1160   386  1307    45  3493  3905  6991      924152  Sat Sep 19 23:47:43 2009
M3G20090421T001400_V00_LOC.IMG  1165     1   618  1656  3404     1  1544      341230  Sat Sep 19 23:50:50 2009
