M3G20090423T073030_V00_LOC.IMG  1223  3822  4324     1  3443  7905 10993      350723  Sun Sep 20 01:02:08 2009
M3G20090423T093030_V00_LOC.IMG  1226  3662  4311     2  3462  1241  4327      899523  Sun Sep 20 01:07:42 2009
M3G20090423T112645_V00_LOC.IMG  1228  3499  4114    17  3480  7822 10904      923557  Sun Sep 20 01:10:40 2009
M3G20090423T133029_V00_LOC.IMG  1231  3338  3919    33  3496  1307  4387      922887  Sun Sep 20 01:13:11 2009
M3G20090423T152245_V00_LOC.IMG  1233  3182  3725    47  3509  1875  4954      922627  Sun Sep 20 01:14:18 2009
M3G20090423T170915_V00_LOC.IMG  1236  3022  3530    59  3521  1268  4345      921985  Sun Sep 20 01:16:23 2009
M3G20090423T191943_V00_LOC.IMG  1239  2861  3336    70  3531  7873 10948      921501  Sun Sep 20 01:18:56 2009
M3G20090423T210515_V00_LOC.IMG  1241  2702  3142    79  3539  1361  4435      921181  Sun Sep 20 01:20:20 2009
M3G20090423T231946_V00_LOC.IMG  1244  2542  2948    87  3545  1889  4962      920833  Sun Sep 20 01:22:39 2009
M3G20090424T010115_V00_LOC.IMG  1246  2399  2754   746  3549     1  2503      750393  Sun Sep 20 01:23:44 2009
M3G20090424T014547_V00_LOC.IMG  1247  2380  2692    93   753  1310  1880      170192  Sun Sep 20 01:25:11 2009
M3G20090424T031100_V00_LOC.IMG  1249  2219  2561    97  3551  7770 10844      920748  Sun Sep 20 01:26:16 2009
M3G20090424T050542_V00_LOC.IMG  1252  2061  2368    99  3552  1258  4331      920701  Sun Sep 20 01:28:07 2009
M3G20090424T070715_V00_LOC.IMG  1254  1898  2204    99  3552  7865 10938      920768  Sun Sep 20 01:30:27 2009
M3G20090424T085330_V00_LOC.IMG  1256  1706  2045    95  3551  1208  4281      920890  Sun Sep 20 01:31:53 2009
M3G20090424T191252_V00_LOC.IMG  1258   742  1250    55  3518  7055 10133      922048  Sun Sep 20 01:34:47 2009
M3G20090424T205837_V00_LOC.IMG  1262   549  1090    42  3506  1187  4265      922296  Sun Sep 20 01:36:22 2009
M3G20090424T225130_V00_LOC.IMG  1264   358   807  1454  3492     1  1821      545962  Sun Sep 20 01:38:51 2009
M3G20090424T232308_V00_LOC.IMG  1265   523   931    28  1475  7789  9046      376350  Sun Sep 20 01:40:49 2009
M3G20090425T030840_V00_LOC.IMG  1270     1   613     2  3457  7285 10365      775323  Sun Sep 20 01:43:16 2009
M3G20090425T045349_V00_LOC.IMG  1273     2   452     2  3437  1652  4731      197616  Sun Sep 20 01:45:29 2009
