M3G20090424T205837_V00_LOC.IMG  1262  3803  4247    88  3535 13483 16564      408222  Sun Sep 20 01:38:02 2009
M3G20090424T225130_V00_LOC.IMG  1264  3613  4177    70  3533 11040 14121      923328  Sun Sep 20 01:39:24 2009
M3G20090425T024715_V00_LOC.IMG  1269  3231  3728    39  3502  4808  7889      923145  Sun Sep 20 01:41:57 2009
M3G20090425T043400_V00_LOC.IMG  1272  3044  3348  3166  3489     1   282       84318  Sun Sep 20 01:43:49 2009
M3G20090425T045349_V00_LOC.IMG  1273  3063  3504    27  3178 13952 16749      838517  Sun Sep 20 01:46:22 2009
M3G20090425T064315_V00_LOC.IMG  1275  2857  3281    18  3478  9827 12907      923200  Sun Sep 20 01:47:12 2009
M3G20090425T083000_V00_LOC.IMG  1278  2670  3057    10  3469   736  3817      923334  Sun Sep 20 01:48:50 2009
M3G20090425T202308_V00_LOC.IMG  1280  1423  1829     4  3460 13897 16981      923921  Sun Sep 20 01:54:19 2009
M3G20090425T222745_V00_LOC.IMG  1282  1197  1641    10  3467 19390 22474      923895  Sun Sep 20 01:56:40 2009
M3G20090426T001430_V00_LOC.IMG  1284   975  1458    17  3475 10051 13134      923732  Sun Sep 20 01:57:54 2009
M3G20090426T041030_V00_LOC.IMG  1286   524  1082    38  3497 13974 17057      923651  Sun Sep 20 01:59:49 2009
M3G20090426T061945_V00_LOC.IMG  1288   293   888    53  3512 20294 23378      923672  Sun Sep 20 02:02:15 2009
M3G20090426T080645_V00_LOC.IMG  1290    67   698    70  3528  6025  9108      923680  Sun Sep 20 02:03:22 2009
