M3G20090421T001400_V00_LOC.IMG  1165  3466  4391   242  3616 19917 22990      337923  Sat Sep 19 23:52:19 2009
M3G20090421T080600_V00_LOC.IMG  1177  3055  3952   119  3562   352  3427      921569  Sun Sep 20 00:08:50 2009
M3G20090422T000145_V00_LOC.IMG  1192  2331  2682     4  1552 26196 27548      405199  Sun Sep 20 00:36:27 2009
M3G20090422T014800_V00_LOC.IMG  1194  2150  2521     1  3456 19575 22644      919849  Sun Sep 20 00:38:06 2009
M3G20090422T095145_V00_LOC.IMG  1196  1570  1955     7  1707 26050 27548      448817  Sun Sep 20 00:40:31 2009
M3G20090422T113800_V00_LOC.IMG  1198  1412  1927    14  3479 19385 22479      927324  Sun Sep 20 00:42:03 2009
M3G20090422T134730_V00_LOC.IMG  1200  1255  1710    23  1972 25982 27699      514373  Sun Sep 20 00:44:24 2009
M3G20090422T153400_V00_LOC.IMG  1202  1099  1728    35  3501 19311 22405      927235  Sun Sep 20 00:45:57 2009
M3G20090422T174330_V00_LOC.IMG  1204   943  1469    49  2080 25762 27548      535057  Sun Sep 20 00:48:13 2009
M3G20090422T193000_V00_LOC.IMG  1206   788  1532    67  3530 11554 14647      926808  Sun Sep 20 00:49:15 2009
M3G20090422T213930_V00_LOC.IMG  1209   633  1237    87  2198 25697 27554      556586  Sun Sep 20 00:52:00 2009
M3G20090422T232600_V00_LOC.IMG  1211   480  1339   110  3565  7412 10503      926420  Sun Sep 20 00:52:50 2009
M3G20090423T012445_V00_LOC.IMG  1215   325  1242   134  3585 15315 18405      926132  Sun Sep 20 00:55:35 2009
M3G20090423T033430_V00_LOC.IMG  1218   172   773   162  1739 26476 27846      410537  Sun Sep 20 00:58:04 2009
M3G20090423T052045_V00_LOC.IMG  1220    19  1052   192  3616 10286 13376      871014  Sun Sep 20 00:59:23 2009
M3G20090423T073030_V00_LOC.IMG  1223     1   537   224  1839 26406 27846      236200  Sun Sep 20 01:05:33 2009
M3G20090423T091700_V00_LOC.IMG  1225    81   865   587  3616     1  2794       96667  Sun Sep 20 01:06:24 2009
M3G20090423T093030_V00_LOC.IMG  1226     2   100   259   588 19734 20028        5679  Sun Sep 20 01:09:27 2009
