M3G20090419T144815_V00_LOC.IMG  1115  3887  4323     1  3431  1643  4722       92501  Sat Sep 19 22:54:25 2009
M3G20090419T171612_V00_LOC.IMG  1118  3731  4324     1  3452  7852 10934      630947  Sat Sep 19 22:58:23 2009
M3G20090419T192327_V00_LOC.IMG  1122  3568  4221     8  3471  1669  4752      923575  Sat Sep 19 23:01:13 2009
M3G20090419T210449_V00_LOC.IMG  1125  3416  4030    24  3487  7873 10955      923487  Sat Sep 19 23:02:44 2009
M3G20090419T224015_V00_LOC.IMG  1127  3331  3837   900  3502     1  2326      697402  Sat Sep 19 23:03:42 2009
M3G20090419T232419_V00_LOC.IMG  1128  3260  3637    38   922  1706  2461      225717  Sat Sep 19 23:05:15 2009
M3G20090420T125118_V00_LOC.IMG  1151  2145  2473    98  3551  1605  4688      923698  Sat Sep 19 23:28:28 2009
M3G20090420T185324_V00_LOC.IMG  1160  1597  1976    93  3550  6986 10063      921796  Sat Sep 19 23:48:00 2009
M3G20090421T001400_V00_LOC.IMG  1165  1019  1498    71  3532  1539  4612      920464  Sat Sep 19 23:51:08 2009
M3G20090421T082045_V00_LOC.IMG  1178   253   868    21  3483  1585  4653      919163  Sun Sep 20 00:10:05 2009
