M3G20090417T193504_V00_LOC.IMG  1069  3787  4323     1  3441   937  4011      374656  Sat Sep 19 21:52:56 2009
M3G20090418T132620_V00_LOC.IMG  1093  2362  2794    93  3548  7090 10168      921938  Sat Sep 19 22:27:26 2009
M3G20090418T151350_V00_LOC.IMG  1094  2211  2596    97  3551  1930  5012      923061  Sat Sep 19 22:29:59 2009
M3G20090418T174554_V00_LOC.IMG  1097  2056  2404    99  3551  8046 11128      923112  Sat Sep 19 22:34:03 2009
M3G20090419T013221_V00_LOC.IMG  1103  1334  1739    84  3544  7871 10953      923224  Sat Sep 19 22:40:03 2009
M3G20090419T033824_V00_LOC.IMG  1106  1143  1583    76  3538  1551  4635      923690  Sat Sep 19 22:42:34 2009
M3G20090419T050945_V00_LOC.IMG  1108   952  1427    66  3530  7762 10846      923805  Sat Sep 19 22:43:40 2009
M3G20090419T065630_V00_LOC.IMG  1110   758  1271    55  3520  1587  4671      923719  Sat Sep 19 22:45:07 2009
M3G20090419T130145_V00_LOC.IMG  1113   181   802    13  3478  7826 10908      923254  Sat Sep 19 22:51:48 2009
M3G20090419T144815_V00_LOC.IMG  1115     1   646     1  3460  1644  4726      830966  Sat Sep 19 22:54:34 2009
M3G20090419T171612_V00_LOC.IMG  1118     2   489     1  3440  7852 10933      292515  Sat Sep 19 22:58:39 2009
