M3G20090417T055901_V00_LOC.IMG  1049  2821  3272     1   975  1187  2037       40370  Sat Sep 19 21:33:55 2009
M3G20090417T095500_V00_LOC.IMG  1054  2745  4016     2  2980  1815  4648      244551  Sat Sep 19 21:41:11 2009
M3G20090417T142240_V00_LOC.IMG  1059  3375  4111  1787  3300     1  1396      286299  Sat Sep 19 21:46:50 2009
M3G20090417T143428_V00_LOC.IMG  1060  2675  3070     6   523   595   689       22477  Sat Sep 19 21:47:41 2009
M3G20090417T175147_V00_LOC.IMG  1066  2591  4031    12  3358  1734  4825      922747  Sat Sep 19 21:51:07 2009
M3G20090418T132620_V00_LOC.IMG  1093  2217  3087   110  3561   912  4015      927265  Sat Sep 19 22:26:50 2009
M3G20090418T174554_V00_LOC.IMG  1097  2147  2906   121  3581  1869  4969      926698  Sat Sep 19 22:33:17 2009
M3G20090419T013221_V00_LOC.IMG  1103  1995  2519   141  3605  1692  4791      926833  Sat Sep 19 22:39:27 2009
M3G20090419T050945_V00_LOC.IMG  1108  1924  2329   148  3607  1580  4682      927759  Sat Sep 19 22:43:19 2009
M3G20090419T130145_V00_LOC.IMG  1113  1639  2102   140  3606  1644  4745      928073  Sat Sep 19 22:51:12 2009
M3G20090419T171612_V00_LOC.IMG  1118  1441  2029   130  3599  1670  4772      928505  Sat Sep 19 22:57:50 2009
M3G20090419T210449_V00_LOC.IMG  1125  1254  1955   118  3586  1689  4791      928180  Sat Sep 19 23:02:24 2009
M3G20090420T185324_V00_LOC.IMG  1160   195  1516     5  3394   812  3911      926852  Sat Sep 19 23:47:25 2009
