M3G20090424T205837_V00_LOC.IMG  1262  4093  4254     1  3447  7335 10411      497214  Sun Sep 20 01:37:05 2009
M3G20090424T225130_V00_LOC.IMG  1264  3865  4166     1  3447  4892  7968      921969  Sun Sep 20 01:39:07 2009
M3G20090425T024715_V00_LOC.IMG  1269  3423  3713  1518  3447     1  1737      520707  Sun Sep 20 01:41:41 2009
M3G20090425T030840_V00_LOC.IMG  1270  3412  3703     1  1520 13435 14774      401055  Sun Sep 20 01:43:34 2009
M3G20090425T045349_V00_LOC.IMG  1273  3186  3488     1  3447  7803 10880      922135  Sun Sep 20 01:45:49 2009
M3G20090425T064315_V00_LOC.IMG  1275  2957  3261     1  3447  3677  6755      922293  Sun Sep 20 01:46:56 2009
M3G20090425T202308_V00_LOC.IMG  1280  1359  1671     1  3447  7746 10825      922396  Sun Sep 20 01:53:57 2009
M3G20090425T222745_V00_LOC.IMG  1282  1130  1445     1  3447 13240 16318      922272  Sun Sep 20 01:56:24 2009
M3G20090426T001430_V00_LOC.IMG  1284   902  1219     1  3447  3902  6979      922077  Sun Sep 20 01:57:37 2009
M3G20090426T041030_V00_LOC.IMG  1286   442   763     1  3447  7825 10903      921996  Sun Sep 20 01:59:32 2009
M3G20090426T061945_V00_LOC.IMG  1288   206   530     1  3447 14146 17223      921965  Sun Sep 20 02:01:57 2009
M3G20090426T080645_V00_LOC.IMG  1290     1   302   139  3447     1  2954      875229  Sun Sep 20 02:03:05 2009
