M3G20090418T172221_V00_LOC.IMG  1096  4244  4254     1   828   192   916        3598  Sat Sep 19 22:31:58 2009
M3G20090418T190900_V00_LOC.IMG  1099  4016  4254     1  3447   955  4031      690624  Sat Sep 19 22:35:06 2009
M3G20090419T011701_V00_LOC.IMG  1102  3355  3646  3370  3447     1    71       20838  Sat Sep 19 22:38:23 2009
M3G20090419T013221_V00_LOC.IMG  1103  3325  3645     1  3373 14023 17026      900111  Sat Sep 19 22:40:34 2009
M3G20090419T030030_V00_LOC.IMG  1105  3098  3416     1  3447  1767  4841      921044  Sat Sep 19 22:41:08 2009
M3G20090419T050945_V00_LOC.IMG  1108  2870  3186     1  3447 13917 16990      920936  Sat Sep 19 22:43:57 2009
M3G20090419T065630_V00_LOC.IMG  1110  2640  2954     1  3447  7740 10813      920821  Sat Sep 19 22:45:23 2009
M3G20090419T130145_V00_LOC.IMG  1113  1952  2260     1  3447 13977 17048      920436  Sat Sep 19 22:52:24 2009
M3G20090419T144815_V00_LOC.IMG  1115  1723  2029     1  3447  7794 10866      920356  Sat Sep 19 22:54:51 2009
M3G20090419T165745_V00_LOC.IMG  1117  1511  1797  3337  3447     1   100       29682  Sat Sep 19 22:56:22 2009
M3G20090419T171612_V00_LOC.IMG  1118  1494  1797     1  3339 14002 16972      890262  Sat Sep 19 22:59:10 2009
M3G20090419T184909_V00_LOC.IMG  1121  1260  1565     1  3447  2500  5571      920368  Sat Sep 19 22:59:59 2009
M3G20090419T210449_V00_LOC.IMG  1125  1034  1336     1  3447 14023 17094      920152  Sat Sep 19 23:03:00 2009
M3G20090419T224015_V00_LOC.IMG  1127   805  1107     1  3447  5395  8465      920136  Sat Sep 19 23:03:58 2009
