M3G20090415T222023_V00_LOC.IMG  1004  3896  4107     1  1493  1695  3017       27787  Sat Sep 19 20:50:12 2009
M3G20090416T062321_V00_LOC.IMG  1016  3269  3904    38  3497  4264  7340      920822  Sat Sep 19 21:06:44 2009
M3G20090416T084125_V00_LOC.IMG  1020  3110  3711    52  3510  1768  4844      920709  Sat Sep 19 21:11:14 2009
M3G20090416T101921_V00_LOC.IMG  1022  2964  3518   208  3522     1  2947      883670  Sat Sep 19 21:11:51 2009
M3G20090416T122951_V00_LOC.IMG  1024  2792  3324    73  3532  1801  4878      921078  Sat Sep 19 21:13:25 2009
M3G20090416T143454_V00_LOC.IMG  1027  2632  3131    82  3539  7914 10990      920845  Sat Sep 19 21:15:04 2009
M3G20090416T160201_V00_LOC.IMG  1029  2497  2936   548  3545     1  2673      801300  Sat Sep 19 21:15:44 2009
M3G20090416T164631_V00_LOC.IMG  1030  2473  2799    89   561  1646  2049      119431  Sat Sep 19 21:17:44 2009
M3G20090416T181121_V00_LOC.IMG  1032  2313  2742    94  3549  7958 11035      921064  Sat Sep 19 21:18:53 2009
M3G20090416T203919_V00_LOC.IMG  1036  2153  2522    98  2628  1694  3932      669958  Sat Sep 19 21:20:26 2009
M3G20090416T220701_V00_LOC.IMG  1038  1993  2352   100  3552  4190  7267      921050  Sat Sep 19 21:21:02 2009
M3G20090417T002252_V00_LOC.IMG  1042  1825  2152    97  3551  1531  4607      920985  Sat Sep 19 21:23:47 2009
M3G20090417T055901_V00_LOC.IMG  1049  1274  1650    80  3542  7281 10358      920993  Sat Sep 19 21:34:50 2009
M3G20090417T074540_V00_LOC.IMG  1052  1080  1490    71  3535  1654  4731      921071  Sat Sep 19 21:38:26 2009
M3G20090417T095500_V00_LOC.IMG  1054   884  1331    60  3526  7971 11048      921075  Sat Sep 19 21:42:04 2009
M3G20090417T114121_V00_LOC.IMG  1056   690  1172    48  3515  1710  4787      921167  Sat Sep 19 21:44:18 2009
M3G20090417T142240_V00_LOC.IMG  1059   626  1012    34  1411  4460  5658      357883  Sat Sep 19 21:47:06 2009
M3G20090417T155652_V00_LOC.IMG  1063   300   853    20  3487  1769  4846      921267  Sat Sep 19 21:49:20 2009
M3G20090417T175147_V00_LOC.IMG  1066   106   694     2  3471  7891 10969      921316  Sat Sep 19 21:51:27 2009
M3G20090417T193504_V00_LOC.IMG  1069     1   535     1  3451   942  4013      546205  Sat Sep 19 21:53:04 2009
