M3G20090420T201815_V00_LOC.IMG  1163  2826  3479  2075  3606 17836 19278       60408  Sat Sep 19 23:50:09 2009
M3G20090421T001400_V00_LOC.IMG  1165  2741  4111   329  3606 22989 26071      449931  Sat Sep 19 23:52:41 2009
M3G20090421T080600_V00_LOC.IMG  1177  2564  3874   206  3595  3424  6512      924636  Sun Sep 20 00:09:11 2009
M3G20090422T014800_V00_LOC.IMG  1194  2187  2987    37  3496 22642 25726      923508  Sun Sep 20 00:38:27 2009
M3G20090422T113800_V00_LOC.IMG  1198  1966  2486     3  3465 22476 25577      928217  Sun Sep 20 00:42:16 2009
M3G20090422T153400_V00_LOC.IMG  1202  1883  2287     1  3459 22402 25502      927868  Sun Sep 20 00:46:08 2009
M3G20090422T193000_V00_LOC.IMG  1206  1788  2134     1  3466 14643 17742      927716  Sun Sep 20 00:49:24 2009
M3G20090422T232600_V00_LOC.IMG  1211  1593  2055     3  3475 10500 13596      927119  Sun Sep 20 00:52:59 2009
M3G20090423T012445_V00_LOC.IMG  1215  1496  2015     7  3480 18402 21497      926898  Sun Sep 20 00:55:44 2009
M3G20090423T052045_V00_LOC.IMG  1220  1301  1942    18  3492 13373 16468      927129  Sun Sep 20 00:59:43 2009
M3G20090423T091700_V00_LOC.IMG  1225  1109  1869    36  3508  2793  5890      927776  Sun Sep 20 01:06:44 2009
M3G20090423T131300_V00_LOC.IMG  1230   921  1802    59  3525  5034  8133      928557  Sun Sep 20 01:12:32 2009
M3G20090423T170915_V00_LOC.IMG  1236   728  1723    90  3546 22824 25925      929251  Sun Sep 20 01:17:42 2009
M3G20090423T210515_V00_LOC.IMG  1241   539  1649   127  3568 22909 26011      929871  Sun Sep 20 01:21:39 2009
M3G20090424T010115_V00_LOC.IMG  1246   355  1578   168  3590 20975 24077      930080  Sun Sep 20 01:24:46 2009
M3G20090424T045715_V00_LOC.IMG  1251   285  1503   592  3606     1  2746      818946  Sun Sep 20 01:27:32 2009
M3G20090424T050542_V00_LOC.IMG  1252   169   589   218   684 22801 23157      106440  Sun Sep 20 01:29:03 2009
M3G20090424T085330_V00_LOC.IMG  1256     2  1427   272  3606 22750 25851      765221  Sun Sep 20 01:33:26 2009
