M3G20090422T000145_V00_LOC.IMG  1192  3347  3854    27  3489 10933 13990      915906  Sun Sep 20 00:34:58 2009
M3G20090422T014800_V00_LOC.IMG  1194  3153  3624    42  3502  4318  7374      915675  Sun Sep 20 00:37:20 2009
M3G20090422T095145_V00_LOC.IMG  1196  2357  2726    78  3534 10590 13687      927588  Sun Sep 20 00:39:52 2009
M3G20090422T113800_V00_LOC.IMG  1198  2162  2496    82  3535  3928  7024      927497  Sun Sep 20 00:41:17 2009
M3G20090422T134730_V00_LOC.IMG  1200  1950  2275    84  3535 10528 13624      927362  Sun Sep 20 00:43:44 2009
M3G20090422T153400_V00_LOC.IMG  1202  1721  2080    82  3535  3860  6955      927335  Sun Sep 20 00:45:11 2009
M3G20090422T174330_V00_LOC.IMG  1204  1491  1883    77  3533 10314 13409      927280  Sun Sep 20 00:47:33 2009
M3G20090422T200411_V00_LOC.IMG  1207  1262  1687    71  3529  3799  6894      927201  Sun Sep 20 00:50:06 2009
M3G20090422T213930_V00_LOC.IMG  1209  1033  1489    62  3522 10254 13349      927089  Sun Sep 20 00:51:21 2009
M3G20090422T235626_V00_LOC.IMG  1212   805  1291    53  3513  9899 12992      926705  Sun Sep 20 00:54:01 2009
M3G20090423T012445_V00_LOC.IMG  1215   575  1085   169  3501     1  2975      891997  Sun Sep 20 00:54:51 2009
M3G20090423T020444_V00_LOC.IMG  1216   788  1092    39   185  4446  4561       33802  Sun Sep 20 00:56:17 2009
M3G20090423T033430_V00_LOC.IMG  1218   346   897    26  3487 11048 14139      926032  Sun Sep 20 00:57:25 2009
M3G20090423T055220_V00_LOC.IMG  1221   118   700     9  3472  4387  7476      925499  Sun Sep 20 01:00:28 2009
M3G20090423T073030_V00_LOC.IMG  1223     2   504     2  3453 10989 14076      581163  Sun Sep 20 01:02:41 2009
