M3G20090415T202222_V00_LOC.IMG  1002  3824  4161     1  3447 10888 13956      918828  Sat Sep 19 20:48:00 2009
M3G20090415T222023_V00_LOC.IMG  1004  3599  3937     1  3447 10903 13971      918989  Sat Sep 19 20:50:47 2009
M3G20090416T062321_V00_LOC.IMG  1016  2695  3035     1  3447 13468 16540      920219  Sat Sep 19 21:07:42 2009
M3G20090416T081001_V00_LOC.IMG  1019  2467  2809     1  3447  1008  4081      920396  Sat Sep 19 21:09:34 2009
M3G20090416T101921_V00_LOC.IMG  1022  2240  2583     1  3447  9079 12153      920752  Sat Sep 19 21:12:16 2009
M3G20090416T122951_V00_LOC.IMG  1024  2011  2357     1  3447 11011 14087      921188  Sat Sep 19 21:13:48 2009
M3G20090416T160201_V00_LOC.IMG  1029  1554  1902     1  3447  8806 11884      921853  Sat Sep 19 21:16:09 2009
M3G20090416T181121_V00_LOC.IMG  1032  1325  1674     1  3447 17171 20250      922129  Sat Sep 19 21:19:17 2009
M3G20090416T220701_V00_LOC.IMG  1038   865  1212     1  3447 13404 16484      922528  Sat Sep 19 21:21:27 2009
M3G20090416T235340_V00_LOC.IMG  1041   640   989   344  3447     1  2766      829400  Sat Sep 19 21:22:32 2009
M3G20090417T002252_V00_LOC.IMG  1042   635   932     1   349 10745 11059       93093  Sat Sep 19 21:24:03 2009
M3G20090417T055901_V00_LOC.IMG  1049     1   294     1  3447 16500 19579      804652  Sat Sep 19 21:36:40 2009
M3G20090417T074540_V00_LOC.IMG  1052     1    61     1  3447 10873 13951       87780  Sat Sep 19 21:39:01 2009
