M3G20090418T172221_V00_LOC.IMG  1096  4215  4247  3218  3437     1   192        2122  Sat Sep 19 22:31:50 2009
M3G20090418T174554_V00_LOC.IMG  1097  3873  4226     1  3217 11123 14004       93541  Sat Sep 19 22:34:15 2009
M3G20090418T190900_V00_LOC.IMG  1099  3908  4247  2350  3457     1   960      228575  Sat Sep 19 22:34:50 2009
M3G20090419T013221_V00_LOC.IMG  1103  3100  3625    43  3504 10949 14027      922249  Sat Sep 19 22:40:19 2009
M3G20090419T030030_V00_LOC.IMG  1105  2988  3398  1504  3515     1  1771      530940  Sat Sep 19 22:41:00 2009
M3G20090419T033824_V00_LOC.IMG  1106  2909  3284    56  1517  4631  5936      390836  Sat Sep 19 22:42:37 2009
M3G20090419T050945_V00_LOC.IMG  1108  2718  3170    65  3523 10842 13920      922237  Sat Sep 19 22:43:48 2009
M3G20090419T065630_V00_LOC.IMG  1110  2524  2940    72  3529  4666  7744      921974  Sat Sep 19 22:45:15 2009
M3G20090419T130145_V00_LOC.IMG  1113  1945  2252    84  3535 10904 13980      921702  Sat Sep 19 22:52:05 2009
M3G20090419T144815_V00_LOC.IMG  1115  1720  2049    81  3535  4722  7798      921649  Sat Sep 19 22:54:42 2009
M3G20090419T171612_V00_LOC.IMG  1118  1491  1855    77  3533 10930 14006      921621  Sat Sep 19 22:58:56 2009
M3G20090419T184909_V00_LOC.IMG  1121  1257  1639   704  3528     1  2503      750572  Sat Sep 19 22:59:51 2009
M3G20090419T192327_V00_LOC.IMG  1122  1344  1660    70   712  4748  5319      170588  Sat Sep 19 23:01:15 2009
M3G20090419T210449_V00_LOC.IMG  1125  1032  1468    62  3522 10951 14027      921556  Sat Sep 19 23:02:52 2009
M3G20090419T224015_V00_LOC.IMG  1127   803  1274    52  3512  2323  5398      921573  Sat Sep 19 23:03:50 2009
