M3G20090415T201923_V00_LOC.IMG  1001  2334  2713  3985  4306     1   233       69900  Sat Sep 19 20:46:17 2009
M3G20090415T202222_V00_LOC.IMG  1002  1562  2332    21  2353 26236 28289      615986  Sat Sep 19 20:49:33 2009
M3G20090415T221723_V00_LOC.IMG  1003  2538  2903  3925  4242     1   228       68400  Sat Sep 19 20:49:45 2009
M3G20090415T222023_V00_LOC.IMG  1004  1693  2480     8  2299 26249 28288      609500  Sat Sep 19 20:51:31 2009
M3G20090416T060901_V00_LOC.IMG  1015  2705  3063  3987  4263    60   233       50630  Sat Sep 19 21:05:47 2009
M3G20090416T080701_V00_LOC.IMG  1018  2732  3102  3939  4251    30   232       59302  Sat Sep 19 21:09:14 2009
M3G20090416T081001_V00_LOC.IMG  1019  1496  2518    32  2388 16389 18517      636106  Sat Sep 19 21:10:40 2009
M3G20090416T100501_V00_LOC.IMG  1021  2756  3140  3890  4239     1   233       68477  Sat Sep 19 21:11:34 2009
M3G20090416T140101_V00_LOC.IMG  1025  2802  3199  3798  4151     1   227       68100  Sat Sep 19 21:13:55 2009
M3G20090416T155900_V00_LOC.IMG  1028  2821  3224  3746  4110     1   233       69900  Sat Sep 19 21:15:24 2009
M3G20090416T160201_V00_LOC.IMG  1029  1344  2484    64  2266 24219 26239      603502  Sat Sep 19 21:17:28 2009
M3G20090416T175701_V00_LOC.IMG  1031  2838  3244  3694  4061     1   232       69600  Sat Sep 19 21:17:47 2009
M3G20090416T195441_V00_LOC.IMG  1033  2944  3323  3844  4168    45   233       54971  Sat Sep 19 21:19:52 2009
M3G20090416T195741_V00_LOC.IMG  1034  1627  2545   851  2399     1  1387      416100  Sat Sep 19 21:19:59 2009
M3G20090416T200002_V00_LOC.IMG  1035  1271  1922    84   981  2266  3031      227152  Sat Sep 19 21:20:12 2009
M3G20090416T215241_V00_LOC.IMG  1037  2961  3357  3791  4152    12   232       64485  Sat Sep 19 21:20:30 2009
M3G20090416T235041_V00_LOC.IMG  1040  2977  3390  3737  4118     1   233       69891  Sat Sep 19 21:22:16 2009
M3G20090416T235340_V00_LOC.IMG  1041  1197  2519   108  2338 15118 17214      626311  Sat Sep 19 21:23:22 2009
M3G20090417T054440_V00_LOC.IMG  1048  3030  3449  3582  3973     1   233       69900  Sat Sep 19 21:33:25 2009
M3G20090417T074241_V00_LOC.IMG  1051  3041  3461  3532  3926     1   233       69900  Sat Sep 19 21:37:58 2009
M3G20090417T074540_V00_LOC.IMG  1052  1055  2457   163  2219 26310 28289      591181  Sat Sep 19 21:40:17 2009
M3G20090417T094021_V00_LOC.IMG  1053  3169  3555  3675  4038    29   227       58040  Sat Sep 19 21:40:31 2009
M3G20090417T113820_V00_LOC.IMG  1055  3180  3587  3623  4017     7   233       66604  Sat Sep 19 21:43:51 2009
M3G20090417T114121_V00_LOC.IMG  1056   980  2530   199  2350 26366 28483      632716  Sat Sep 19 21:45:50 2009
M3G20090417T133620_V00_LOC.IMG  1057  3192  3613  3577  3976     1   232       69600  Sat Sep 19 21:46:01 2009
M3G20090417T153420_V00_LOC.IMG  1061  3207  3628  3532  3936     1   233       69900  Sat Sep 19 21:47:46 2009
M3G20090417T153721_V00_LOC.IMG  1062   908  2493   239  2304  9446 11512      617491  Sat Sep 19 21:48:48 2009
M3G20090417T173220_V00_LOC.IMG  1064  3217  3638  3486  3892     1   233       69900  Sat Sep 19 21:50:20 2009
M3G20090417T193020_V00_LOC.IMG  1067  3225  3647  3440  3849     1   233       69900  Sat Sep 19 21:52:18 2009
M3G20090417T193320_V00_LOC.IMG  1068  1513  2454  1166  2264     1  1017      305100  Sat Sep 19 21:52:22 2009
M3G20090417T193504_V00_LOC.IMG  1069   836  1767   282  1358 25579 26579      297810  Sat Sep 19 21:54:46 2009
M3G20090418T131200_V00_LOC.IMG  1092  3412  3823  3214  3630     1   233       69900  Sat Sep 19 22:26:11 2009
M3G20090418T151350_V00_LOC.IMG  1094   507  1938   554  1885 26536 28002      438743  Sat Sep 19 22:31:29 2009
M3G20090418T170800_V00_LOC.IMG  1095  3413  3818  3137  3552     1   232       69600  Sat Sep 19 22:31:40 2009
M3G20090418T190600_V00_LOC.IMG  1098  3414  3817  3101  3516     1   233       69900  Sat Sep 19 22:34:36 2009
M3G20090418T190900_V00_LOC.IMG  1099   448  2289   622  2231 19402 21311      572015  Sat Sep 19 22:37:56 2009
M3G20090419T005930_V00_LOC.IMG  1100  3708  4028  3204  3559    78   233       45895  Sat Sep 19 22:38:09 2009
M3G20090419T025730_V00_LOC.IMG  1104  3715  4045  3167  3532    63   233       50402  Sat Sep 19 22:40:43 2009
M3G20090419T030030_V00_LOC.IMG  1105   345  2488   755  2407 20199 22347      644014  Sat Sep 19 22:42:10 2009
M3G20090419T045530_V00_LOC.IMG  1107  3723  4062  3132  3505    48   232       54537  Sat Sep 19 22:42:42 2009
M3G20090419T065330_V00_LOC.IMG  1109  3734  4078  3099  3477    35   228       57302  Sat Sep 19 22:44:39 2009
M3G20090419T065630_V00_LOC.IMG  1110   296  2459   829  2398 26150 28273      636841  Sat Sep 19 22:46:33 2009
M3G20090419T124730_V00_LOC.IMG  1112  3754  4126  2993  3391     3   232       68056  Sat Sep 19 22:50:30 2009
M3G20090419T144530_V00_LOC.IMG  1114  3761  4141  2959  3362     1   233       69868  Sat Sep 19 22:53:50 2009
M3G20090419T144815_V00_LOC.IMG  1115   208  2545   984  2466 26209 28434      667772  Sat Sep 19 22:56:01 2009
M3G20090419T164315_V00_LOC.IMG  1116  3919  4157  3007  3331   133   232       29091  Sat Sep 19 22:56:14 2009
M3G20090419T184115_V00_LOC.IMG  1119  3927  4171  2970  3301   123   233       32394  Sat Sep 19 22:59:20 2009
M3G20090419T184415_V00_LOC.IMG  1120   171  2520  1063  2455   683  2886      661181  Sat Sep 19 22:59:32 2009
M3G20090419T203915_V00_LOC.IMG  1123  3935  4185  2933  3269   112   232       35307  Sat Sep 19 23:01:20 2009
M3G20090419T223715_V00_LOC.IMG  1126  3942  4199  2895  3237   103   233       38379  Sat Sep 19 23:03:22 2009
M3G20090419T224015_V00_LOC.IMG  1127   137  2501  1142  2448 23801 25988      656331  Sat Sep 19 23:04:57 2009
M3G20090420T122315_V00_LOC.IMG  1149  3994  4279  2636  2994    47   233       55082  Sat Sep 19 23:26:04 2009
M3G20090420T122615_V00_LOC.IMG  1150    50  2435  1420  2416 12634 14768      639878  Sat Sep 19 23:27:45 2009
M3G20090420T181715_V00_LOC.IMG  1158  4005  4306  2521  2883    21   233       63013  Sat Sep 19 23:45:37 2009
M3G20090420T201515_V00_LOC.IMG  1162  4003  4313  2483  2845     7   232       66656  Sat Sep 19 23:48:36 2009
M3G20090420T201815_V00_LOC.IMG  1163    21  2384  1576  2396 19275 21368      627766  Sat Sep 19 23:50:19 2009
M3G20090421T001100_V00_LOC.IMG  1164  4162  4325  2440  2770   133   233       29369  Sat Sep 19 23:50:31 2009
M3G20090421T001400_V00_LOC.IMG  1165    11  2520  1656  2424 26068 28289      666143  Sat Sep 19 23:52:49 2009
M3G20090421T080300_V00_LOC.IMG  1176  4161  4339  2295  2625    94   228       39498  Sun Sep 20 00:08:21 2009
M3G20090421T080600_V00_LOC.IMG  1177     1  2476  1826  2412  6506  8697      656702  Sun Sep 20 00:09:20 2009
M3G20090422T014445_V00_LOC.IMG  1193  4280  4344  1954  2265   180   232       14907  Sun Sep 20 00:36:44 2009
M3G20090422T014800_V00_LOC.IMG  1194     2  2408  2065  2517 25720 27845      636984  Sun Sep 20 00:38:36 2009
M3G20090422T113800_V00_LOC.IMG  1198    14  2587  2028  2728 25569 27844      681550  Sun Sep 20 00:42:28 2009
M3G20090422T153400_V00_LOC.IMG  1202    24  2677  1997  2806 25494 27845      704409  Sun Sep 20 00:46:21 2009
M3G20090422T193000_V00_LOC.IMG  1206    38  2766  1956  2881 17736 20156      725442  Sun Sep 20 00:49:34 2009
M3G20090422T232600_V00_LOC.IMG  1211    53  2834  1911  2950 13590 16079      746054  Sun Sep 20 00:53:08 2009
M3G20090423T012130_V00_LOC.IMG  1214  4134  4305  1466  1786   138   228       26385  Sun Sep 20 00:54:31 2009
M3G20090423T012445_V00_LOC.IMG  1215    62  2403  2026  2986 21492 23580      625921  Sun Sep 20 00:55:51 2009
M3G20090423T031930_V00_LOC.IMG  1217  4154  4296  1422  1736   175   233       16676  Sun Sep 20 00:56:22 2009
M3G20090423T051745_V00_LOC.IMG  1219  4018  4286  1380  1731    62   233       50545  Sun Sep 20 00:58:17 2009
M3G20090423T052045_V00_LOC.IMG  1220    80  2477  1988  3054 16464 18619      646174  Sun Sep 20 00:59:53 2009
M3G20090423T071545_V00_LOC.IMG  1222  4037  4277  1337  1681    94   232       40746  Sun Sep 20 01:00:39 2009
M3G20090423T091345_V00_LOC.IMG  1224  4053  4265  1294  1630   126   233       31392  Sun Sep 20 01:05:54 2009
M3G20090423T091700_V00_LOC.IMG  1225   100  2394  2005  3122  5886  7963      622736  Sun Sep 20 01:06:54 2009
M3G20090423T111145_V00_LOC.IMG  1227  4069  4253  1253  1576   157   231       21633  Sun Sep 20 01:09:36 2009
M3G20090423T131000_V00_LOC.IMG  1229  3952  4239  1207  1573    65   233       49608  Sun Sep 20 01:11:46 2009
M3G20090423T131300_V00_LOC.IMG  1230   121  2486  1946  3187  8131 10301      651047  Sun Sep 20 01:12:43 2009
M3G20090423T150800_V00_LOC.IMG  1232  3951  4226  1171  1530    81   233       44951  Sun Sep 20 01:13:54 2009
M3G20090423T170600_V00_LOC.IMG  1235  3961  4212  1132  1480   109   233       36364  Sun Sep 20 01:15:56 2009
M3G20090423T170915_V00_LOC.IMG  1236   147  2386  1985  3256 25923 27992      620746  Sun Sep 20 01:17:53 2009
M3G20090423T190400_V00_LOC.IMG  1237  3975  4197  1094  1426   139   228       26117  Sun Sep 20 01:18:06 2009
M3G20090423T210215_V00_LOC.IMG  1240  3837  4181  1056  1446    20   227       61462  Sun Sep 20 01:19:53 2009
M3G20090423T210515_V00_LOC.IMG  1241   175  2450  1944  3320 26010 28143      640109  Sun Sep 20 01:21:51 2009
M3G20090423T230015_V00_LOC.IMG  1242  3843  4165  1020  1397    53   233       53411  Sun Sep 20 01:22:04 2009
M3G20090424T005800_V00_LOC.IMG  1245  3981  4146   981  1271   216   232        4069  Sun Sep 20 01:23:24 2009
M3G20090424T010115_V00_LOC.IMG  1246   204  2492  1903  3380 24077 26257      654200  Sun Sep 20 01:24:54 2009
M3G20090424T045415_V00_LOC.IMG  1250  3844  4109   910  1249   123   232       32016  Sun Sep 20 01:27:16 2009
M3G20090424T045715_V00_LOC.IMG  1251   236  2545  1859  3441  2746  4984      671680  Sun Sep 20 01:27:40 2009
M3G20090424T065215_V00_LOC.IMG  1253  3843  4089   875  1196   149   232       24302  Sun Sep 20 01:29:14 2009
M3G20090424T085015_V00_LOC.IMG  1255  3865  4073   849  1142   187   228       11534  Sun Sep 20 01:31:26 2009
M3G20090424T085330_V00_LOC.IMG  1256   271  2453  1905  3501 25851 27997      644036  Sun Sep 20 01:33:39 2009
M3G20090424T104815_V00_LOC.IMG  1257  3852  4049   811  1087   209   232        6092  Sun Sep 20 01:33:52 2009
M3G20090424T203830_V00_LOC.IMG  1260  3711  3931   657   913   206   233        7555  Sun Sep 20 01:35:18 2009
M3G20090424T204145_V00_LOC.IMG  1261   396  2463  1873  3672  7783  9946      648948  Sun Sep 20 01:35:57 2009
M3G20090425T003445_V00_LOC.IMG  1266  3590  3882   599   903   127   228       29725  Sun Sep 20 01:40:58 2009
M3G20090425T003800_V00_LOC.IMG  1267   443  2396  1926  3727  1746  3833      626102  Sun Sep 20 01:41:25 2009
M3G20090425T023245_V00_LOC.IMG  1268  3583  3852   568   845   162   233       20763  Sun Sep 20 01:41:29 2009
M3G20090425T043045_V00_LOC.IMG  1271  3576  3822   539   788   191   233       11972  Sun Sep 20 01:43:41 2009
M3G20090425T043400_V00_LOC.IMG  1272   487  2434  1873  3774  9540 11684      643105  Sun Sep 20 01:44:56 2009
M3G20090425T062900_V00_LOC.IMG  1274  3448  3791   510   849    74   233       46923  Sun Sep 20 01:46:29 2009
M3G20090425T082700_V00_LOC.IMG  1277  3431  3758   478   795    98   232       39610  Sun Sep 20 01:48:31 2009
M3G20090425T083000_V00_LOC.IMG  1278   530  2463  1820  3818 13074 15271      658780  Sun Sep 20 01:49:46 2009
M3G20090425T221315_V00_LOC.IMG  1281  3179  3516   289   580   104   232       37356  Sun Sep 20 01:55:07 2009
M3G20090426T001115_V00_LOC.IMG  1283  3145  3476   264   536   122   233       32310  Sun Sep 20 01:57:05 2009
M3G20090426T001430_V00_LOC.IMG  1284   712  2311  1890  3978 22397 24479      622786  Sun Sep 20 01:58:37 2009
M3G20090426T040730_V00_LOC.IMG  1285  2996  3399   220   589    10   233       65829  Sun Sep 20 01:58:48 2009
M3G20090426T041030_V00_LOC.IMG  1286   762  2318  1853  4015 26319 28440      634347  Sun Sep 20 02:00:25 2009
M3G20090426T060530_V00_LOC.IMG  1287  2971  3363   202   553    26   233       61088  Sun Sep 20 02:00:36 2009
M3G20090426T080330_V00_LOC.IMG  1289  2942  3324   182   512    38   228       55826  Sun Sep 20 02:02:40 2009
M3G20090426T080645_V00_LOC.IMG  1290   818  2239  1963  4052 18370 20372      598561  Sun Sep 20 02:04:18 2009
M3G20090426T115930_V00_LOC.IMG  1291  2874  3243   147   445    66   233       48873  Sun Sep 20 02:04:26 2009
M3G20090426T120245_V00_LOC.IMG  1292   872  2238  1944  4086 19043 21067      604783  Sun Sep 20 02:06:07 2009
M3G20090426T135730_V00_LOC.IMG  1294  2839  3202   131   415    75   233       45935  Sun Sep 20 02:07:01 2009
M3G20090426T155530_V00_LOC.IMG  1297  2803  3161   116   388    83   233       43531  Sun Sep 20 02:09:04 2009
M3G20090426T155845_V00_LOC.IMG  1298   930  2232  1931  4117  2211  4248      608590  Sun Sep 20 02:09:21 2009
M3G20090426T175330_V00_LOC.IMG  1300  2769  3120   102   356    91   228       39623  Sun Sep 20 02:10:30 2009
M3G20090426T195445_V00_LOC.IMG  1303   992  2228  1919  4150 12080 14135      613678  Sun Sep 20 02:12:32 2009
M3G20090426T234745_V00_LOC.IMG  1304  2594  2983    75   434     1   232       69600  Sun Sep 20 02:12:39 2009
M3G20090426T235045_V00_LOC.IMG  1305  1056  2217  1917  4179 10381 12443      615682  Sun Sep 20 02:13:34 2009
