M3G20090425T030840_V00_LOC.IMG  1270  3870  4323     2  3434  7284 10361      147564  Sun Sep 20 01:43:04 2009
M3G20090425T045349_V00_LOC.IMG  1273  3708  4324     2  3454  1651  4732      725490  Sun Sep 20 01:45:22 2009
M3G20090425T064315_V00_LOC.IMG  1275  3842  4189  2783  3472     1   606      181240  Sun Sep 20 01:46:41 2009
M3G20090425T071316_V00_LOC.IMG  1276  3545  4122    12  2809  7817 10292      741707  Sun Sep 20 01:48:25 2009
M3G20090425T202308_V00_LOC.IMG  1280  2406  2820    92  3548  1596  4676      922561  Sun Sep 20 01:53:20 2009
M3G20090425T222745_V00_LOC.IMG  1282  2242  2624    96  3551  7090 10170      922447  Sun Sep 20 01:56:07 2009
M3G20090426T001430_V00_LOC.IMG  1284  2129  2424  2628  3551     1   833      249354  Sun Sep 20 01:57:21 2009
M3G20090426T041030_V00_LOC.IMG  1286  1744  2037    95  3551  1678  4757      922115  Sun Sep 20 01:59:16 2009
M3G20090426T061945_V00_LOC.IMG  1288  1558  1873    90  3549  7997 11077      922174  Sun Sep 20 02:01:40 2009
M3G20090426T123829_V00_LOC.IMG  1293   967  1383    65  3529  1620  4701      922490  Sun Sep 20 02:06:45 2009
M3G20090426T142319_V00_LOC.IMG  1296   770  1220    52  3519  7940 11023      922760  Sun Sep 20 02:08:28 2009
M3G20090426T182205_V00_LOC.IMG  1302   375   897    24  3492  1028  4114      923664  Sun Sep 20 02:11:18 2009
M3G20090427T001151_V00_LOC.IMG  1306     2   274  1302  3437     1  1931       94777  Sun Sep 20 02:14:02 2009
