M3G20090422T000145_V00_LOC.IMG  1192  3582  3859     1  3447 13987 17039      914797  Sun Sep 20 00:35:17 2009
M3G20090422T014800_V00_LOC.IMG  1194  3352  3628     1  3447  7370 10422      914574  Sun Sep 20 00:37:28 2009
M3G20090422T095145_V00_LOC.IMG  1196  2410  2729     1  3447 13682 16778      927524  Sun Sep 20 00:40:00 2009
M3G20090422T113800_V00_LOC.IMG  1198  2181  2499     1  3447  7020 10115      927355  Sun Sep 20 00:41:25 2009
M3G20090422T134730_V00_LOC.IMG  1200  1952  2269     1  3447 13620 16715      927192  Sun Sep 20 00:43:53 2009
M3G20090422T153400_V00_LOC.IMG  1202  1724  2039     1  3447  6951 10046      927059  Sun Sep 20 00:45:19 2009
M3G20090422T174330_V00_LOC.IMG  1204  1494  1808     1  3447 13405 16499      926926  Sun Sep 20 00:47:42 2009
M3G20090422T193000_V00_LOC.IMG  1206  1267  1573   905  3447     1  2293      687389  Sun Sep 20 00:48:41 2009
M3G20090422T200411_V00_LOC.IMG  1207  1265  1578     1   908  6890  7689      239061  Sun Sep 20 00:50:08 2009
M3G20090422T213930_V00_LOC.IMG  1209  1036  1348     1  3447 13345 16437      926542  Sun Sep 20 00:51:29 2009
M3G20090422T235626_V00_LOC.IMG  1212   807  1117     1  3447 12988 16079      926253  Sun Sep 20 00:54:09 2009
M3G20090423T012445_V00_LOC.IMG  1215   577   885     1  3447  2971  6061      925936  Sun Sep 20 00:54:59 2009
M3G20090423T033430_V00_LOC.IMG  1218   347   654     1  3447 14135 17224      925572  Sun Sep 20 00:57:33 2009
M3G20090423T052045_V00_LOC.IMG  1220   124   416  2303  3447     1  1036      310351  Sun Sep 20 00:58:30 2009
M3G20090423T055220_V00_LOC.IMG  1221   118   424     1  2306  7472  9523      614517  Sun Sep 20 01:00:33 2009
M3G20090423T073030_V00_LOC.IMG  1223     1   193     1  3447 14072 17158      589879  Sun Sep 20 01:03:11 2009
