M3G20090418T190900_V00_LOC.IMG  1099  3781  4247    83  3535  7097 10172      518311  Sat Sep 19 22:36:05 2009
M3G20090419T011701_V00_LOC.IMG  1102  3190  3670    35  3497  3136  6209      920776  Sat Sep 19 22:38:40 2009
M3G20090419T030030_V00_LOC.IMG  1105  2992  3438    23  3485  7906 10978      920502  Sat Sep 19 22:41:24 2009
M3G20090419T050945_V00_LOC.IMG  1108  2793  3206    14  3474 20054 23125      920323  Sat Sep 19 22:44:13 2009
M3G20090419T065630_V00_LOC.IMG  1110  2593  2972     8  3465 13863 16933      920090  Sat Sep 19 22:45:40 2009
M3G20090419T130145_V00_LOC.IMG  1113  1980  2278     1  3452 20111 23179      919644  Sat Sep 19 22:53:05 2009
M3G20090419T144815_V00_LOC.IMG  1115  1748  2078     1  3454 13928 16996      919461  Sat Sep 19 22:55:08 2009
M3G20090419T165745_V00_LOC.IMG  1117  1514  1879     3  3458  3162  6230      919345  Sat Sep 19 22:56:37 2009
M3G20090419T184909_V00_LOC.IMG  1121  1281  1676     8  3465  8632 11700      919486  Sat Sep 19 23:00:16 2009
M3G20090419T205345_V00_LOC.IMG  1124  1111  1482  1340  3473     1  1904      570795  Sat Sep 19 23:01:30 2009
M3G20090419T210449_V00_LOC.IMG  1125  1049  1394    14  1350 20155 21317      348058  Sat Sep 19 23:03:12 2009
M3G20090419T224015_V00_LOC.IMG  1127   818  1283    23  3483 11526 14592      919016  Sat Sep 19 23:04:15 2009
