M3G20090418T190900_V00_LOC.IMG  1099  3482  4391   235  3616 13242 16321      355668  Sat Sep 19 22:37:04 2009
M3G20090419T011345_V00_LOC.IMG  1101  3451  4083   138  2071   234  1922      505774  Sat Sep 19 22:38:17 2009
M3G20090419T030030_V00_LOC.IMG  1105  3071  3920   112  3566 14045 17122      922153  Sat Sep 19 22:41:46 2009
M3G20090419T050945_V00_LOC.IMG  1108  3194  3757    88  1985 26191 27845      495701  Sat Sep 19 22:44:28 2009
M3G20090419T065630_V00_LOC.IMG  1110  2859  3593    67  3527 19998 23073      921735  Sat Sep 19 22:46:02 2009
M3G20090419T130145_V00_LOC.IMG  1113  2671  3100    22  1856 26244 27846      480313  Sat Sep 19 22:53:38 2009
M3G20090419T144815_V00_LOC.IMG  1115  2434  2935    13  3474 20060 23132      921102  Sat Sep 19 22:55:30 2009
M3G20090419T165745_V00_LOC.IMG  1117  2404  2771     6  1809  9293 10873      473483  Sat Sep 19 22:57:09 2009
M3G20090419T184909_V00_LOC.IMG  1121  2221  2603     2  3459 14764 17823      917235  Sat Sep 19 23:00:37 2009
M3G20090419T205345_V00_LOC.IMG  1124  2137  2443     1  1777  4967  6528      467993  Sat Sep 19 23:01:43 2009
M3G20090419T224015_V00_LOC.IMG  1127  1989  2298     1  3454 17655 20726      920669  Sat Sep 19 23:04:33 2009
M3G20090420T122615_V00_LOC.IMG  1150   860  1576    61  3521  6489  9560      920594  Sat Sep 19 23:27:15 2009
M3G20090420T183130_V00_LOC.IMG  1159   387   988   128  1987 11289 12910      485807  Sat Sep 19 23:46:48 2009
M3G20090420T201815_V00_LOC.IMG  1163   229  1172   156  3597 13126 16198      921062  Sat Sep 19 23:49:36 2009
M3G20090421T001400_V00_LOC.IMG  1165     1   969   219  3616 19916 22990      583407  Sat Sep 19 23:51:58 2009
