M3G20090418T132620_V00_LOC.IMG  1093  2534  2902     7  3466 22454 25534      923039  Sat Sep 19 22:29:06 2009
M3G20090418T151350_V00_LOC.IMG  1094  2368  2702     3  3460 17296 20375      922577  Sat Sep 19 22:30:43 2009
M3G20090418T172221_V00_LOC.IMG  1096  2202  2504     2  3456  9406 12484      922264  Sat Sep 19 22:32:30 2009
M3G20090418T190900_V00_LOC.IMG  1099  2016  2337     1  3453 10168 13245      921996  Sat Sep 19 22:36:43 2009
M3G20090419T011345_V00_LOC.IMG  1101  1535  1844  3186  3464     1   237       70826  Sat Sep 19 22:38:12 2009
M3G20090419T011701_V00_LOC.IMG  1102  1424  1834     7  3195  6206  9042      850242  Sat Sep 19 22:38:47 2009
M3G20090419T030030_V00_LOC.IMG  1105  1225  1678    13  3471 10975 14048      921072  Sat Sep 19 22:41:33 2009
M3G20090419T050945_V00_LOC.IMG  1108  1026  1511    21  3481 23122 26194      920646  Sat Sep 19 22:44:22 2009
M3G20090419T065630_V00_LOC.IMG  1110   827  1345    31  3491 16930 20001      920340  Sat Sep 19 22:45:48 2009
M3G20090419T130145_V00_LOC.IMG  1113   233   847    73  3534 23176 26246      920150  Sat Sep 19 22:53:26 2009
M3G20090419T144815_V00_LOC.IMG  1115    35   681    90  3551 16993 20062      919999  Sat Sep 19 22:55:17 2009
M3G20090419T165745_V00_LOC.IMG  1117     2   516   110  3552  6227  9296      398154  Sat Sep 19 22:57:04 2009
