M3G20090425T024715_V00_LOC.IMG  1269  3936  3969  3292  3551 10738 10966         535  Sun Sep 20 01:42:00 2009
M3G20090425T043400_V00_LOC.IMG  1272  3783  4324   105  3551   279  3363      486359  Sun Sep 20 01:44:04 2009
M3G20090425T064315_V00_LOC.IMG  1275  3630  4266    87  3551 12904 15988      923322  Sun Sep 20 01:47:21 2009
M3G20090425T083000_V00_LOC.IMG  1278  3478  4077    70  3536  3813  6898      924398  Sun Sep 20 01:48:59 2009
M3G20090425T202308_V00_LOC.IMG  1280  2562  2950     8  3469 16977 20065      925242  Sun Sep 20 01:54:28 2009
M3G20090425T222745_V00_LOC.IMG  1282  2409  2762     4  3462 22470 25558      925237  Sun Sep 20 01:56:49 2009
M3G20090426T001430_V00_LOC.IMG  1284  2260  2586     2  3458 13130 16218      925179  Sun Sep 20 01:58:02 2009
M3G20090426T041030_V00_LOC.IMG  1286  1897  2278     2  3454 17052 20140      925047  Sun Sep 20 01:59:58 2009
M3G20090426T061945_V00_LOC.IMG  1288  1701  2120     2  3457 23373 26461      925035  Sun Sep 20 02:02:24 2009
M3G20090426T080645_V00_LOC.IMG  1290  1511  1965     5  3461  9103 12192      925096  Sun Sep 20 02:03:31 2009
M3G20090426T120245_V00_LOC.IMG  1292  1129  1655    16  3474  9778 12866      925027  Sun Sep 20 02:05:42 2009
M3G20090426T141200_V00_LOC.IMG  1295   938  1499    24  3483  2013  5101      924740  Sun Sep 20 02:07:20 2009
M3G20090426T160558_V00_LOC.IMG  1299   746  1343    34  3493  9362 12451      925090  Sun Sep 20 02:10:06 2009
M3G20090426T180800_V00_LOC.IMG  1301   554  1186    45  3505  3630  6719      925006  Sun Sep 20 02:10:55 2009
M3G20090426T195445_V00_LOC.IMG  1303   362  1030    60  3519  2821  5910      924947  Sun Sep 20 02:12:07 2009
M3G20090426T235045_V00_LOC.IMG  1305     2   718    93  3550  1130  4216      906666  Sun Sep 20 02:13:10 2009
