M3G20090422T000145_V00_LOC.IMG  1192  2336  3158    83  3551  1717  4809      924344  Sun Sep 20 00:34:06 2009
M3G20090422T095145_V00_LOC.IMG  1196  2130  2675   123  3599  1302  4409      928660  Sun Sep 20 00:39:24 2009
M3G20090422T134730_V00_LOC.IMG  1200  2046  2474   135  3606  1239  4347      928839  Sun Sep 20 00:43:15 2009
M3G20090422T174330_V00_LOC.IMG  1204  1957  2283   145  3607  1025  4133      929000  Sun Sep 20 00:47:04 2009
M3G20090422T213930_V00_LOC.IMG  1209  1753  2192   147  3607   966  4074      929029  Sun Sep 20 00:50:49 2009
M3G20090422T235626_V00_LOC.IMG  1212  1651  2148   144  3606   612  3719      929011  Sun Sep 20 00:53:36 2009
M3G20090423T033430_V00_LOC.IMG  1218  1445  2055   132  3599  1768  4873      928395  Sun Sep 20 00:56:54 2009
M3G20090423T073030_V00_LOC.IMG  1223  1242  1961   119  3585  1721  4821      927247  Sun Sep 20 01:01:21 2009
M3G20090423T112645_V00_LOC.IMG  1228  1038  1867   103  3562  1651  4745      925751  Sun Sep 20 01:10:18 2009
M3G20090423T155943_V00_LOC.IMG  1234   841  1783    85  3533  1763  4853      924608  Sun Sep 20 01:15:44 2009
M3G20090423T191943_V00_LOC.IMG  1239   643  1694    62  3498  1716  4803      923552  Sun Sep 20 01:18:37 2009
M3G20090424T031100_V00_LOC.IMG  1249   252  1514     8  3405  1622  4704      922371  Sun Sep 20 01:25:57 2009
M3G20090424T070715_V00_LOC.IMG  1254    61  1429     2  3350  1715  4798      869561  Sun Sep 20 01:30:07 2009
