M3G20090423T073030_V00_LOC.IMG  1223  3813  4247    91  3534 20238 23323      350537  Sun Sep 20 01:04:07 2009
M3G20090423T093030_V00_LOC.IMG  1226  3621  4206    71  3533 13566 16651      924878  Sun Sep 20 01:09:09 2009
M3G20090423T112645_V00_LOC.IMG  1228  3431  3980    54  3517 20138 23222      924354  Sun Sep 20 01:11:16 2009
M3G20090423T133029_V00_LOC.IMG  1231  3240  3753    40  3502 13614 16697      924134  Sun Sep 20 01:13:42 2009
M3G20090423T152245_V00_LOC.IMG  1233  3048  3526    28  3489 14179 17263      924322  Sun Sep 20 01:14:51 2009
M3G20090423T170915_V00_LOC.IMG  1236  2857  3299    18  3478 13566 16650      924228  Sun Sep 20 01:16:56 2009
M3G20090423T191943_V00_LOC.IMG  1239  2666  3073    10  3469 20166 23249      924091  Sun Sep 20 01:19:29 2009
M3G20090423T210515_V00_LOC.IMG  1241  2476  2847     5  3461 13650 16733      924030  Sun Sep 20 01:20:52 2009
M3G20090423T231946_V00_LOC.IMG  1244  2284  2621     2  3456 14175 17257      923951  Sun Sep 20 01:23:11 2009
M3G20090424T010115_V00_LOC.IMG  1246  2097  2399     1  3453 11716 14798      923998  Sun Sep 20 01:24:17 2009
M3G20090424T031100_V00_LOC.IMG  1249  1885  2195     1  3452 20055 23138      923926  Sun Sep 20 01:26:49 2009
M3G20090424T050542_V00_LOC.IMG  1252  1659  2005     1  3455 13542 16625      923888  Sun Sep 20 01:28:39 2009
M3G20090424T070715_V00_LOC.IMG  1254  1434  1814     4  3460 20148 23231      923822  Sun Sep 20 01:31:00 2009
M3G20090424T085330_V00_LOC.IMG  1256  1211  1623     9  3467 13492 16574      923724  Sun Sep 20 01:32:26 2009
M3G20090424T205837_V00_LOC.IMG  1262     2   486    86  3535 13483 16564      515167  Sun Sep 20 01:38:21 2009
